"Time"	hupB	fis	mtlR	marR	marA	rob	putA	xylR	glcC	hupA	soxS	soxR	gadX	torR	rutR	gadW	nemR	gadE	ydeO	evgA	marB	mdtE	mdtF	hdeB	yhiD	hdeA	gadA	micF	gadB	fumC	gadC	zwf	dctR	slp	inaA	nfo	ygiA	ygiC	ygiB	tolC	acrA	acrB	sodA	fpr	gadY	rfaY	poxB	rfaZ	seqA	pqiB	pgm	nemA	pqiA	xylH	hdeD	purA	xylG	xylF	mtlA	mtlD	cadB	cadA	tyrP	ptsG

0	0,5395862	0,6767542	0,5439019	0,5091957	0,8312002	0,6706050	0,4418857	0,6624448	0,4522177	0,5596729	0,1998400	0,5221288	0,6180368	0,3324114	0,7490338	0,7839795	0,5346745	0,7404448	0,0157864	0,0017709	0,2085649	0,2835339	0,0761841	0,1848712	0,7618372	0,7731345	0,9429673	0,4210163	0,0798527	0,2546479	0,4328205	0,0005026	0,5941943	0,4544619	0,3352314	0,0451189	0,5561952	0,7068761	1,0445583	0,2919150	0,7761423	0,1838384	0,9700039	0,1743543	0,2309267	0,5267793	0,0972665	1,0675199	0,4866894	0,6314319	0,9584337	0,1883482	0,7688648	0,2619535	0,9995399	0,2473337	0,2486138	0,4922794	0,6156741	0,9693634	0,5191243	0,8604995	0,7977280	0,3812659
20	0,3876096	0,6373748	0,5047159	0,6494024	0,8204626	0,6086651	0,4825041	0,6745452	0,4932516	0,5041601	0,2068156	0,3919162	0,5652262	0,2710630	0,6971057	0,5709184	0,6356864	0,7585075	0,0302751	0,0892586	0,2776058	0,4854634	0,0827727	0,2365100	0,6765373	0,7829387	0,8882874	0,5832937	0,0782599	0,4316538	0,4473442	0,1633918	0,6442680	0,3963398	0,3994723	0,0207659	0,6114307	0,7850286	0,9386438	0,3918870	0,7924770	0,3347493	0,9821169	0,2214527	0,2124712	0,6037482	0,4105754	0,9636586	0,3055440	0,7177764	0,9041062	0,1496451	0,7851707	0,2030984	0,8953108	0,2267860	0,1472816	0,3191515	0,6324604	0,9194349	0,4758582	0,8232450	0,5486964	0,4305873
40	0,3096472	0,6102334	0,4975101	0,7364331	0,8245907	0,5835716	0,4873029	0,6943166	0,5572391	0,5419989	0,1715457	0,2845785	0,6022097	0,2585583	0,7113530	0,3770090	0,6506082	0,7852340	0,0659274	0,1242045	0,2569558	0,5747029	0,1909806	0,2855390	0,6253365	0,7395313	0,9275738	0,5271314	0,0658548	0,4789959	0,5215713	0,3207608	0,5903549	0,3558655	0,3757677	0,0282618	0,6070396	0,7928657	1,0341909	0,3672170	0,7570031	0,4033300	0,9757137	0,1969098	0,1878908	0,5660714	0,5471130	0,9751683	0,2575974	0,6890378	0,8243515	0,1328325	0,7609122	0,2371293	1,0015010	0,1798532	0,1744815	0,2636680	0,6203848	0,9502891	0,5595616	0,8580194	0,4584798	0,4390770
60	0,2303586	0,5708431	0,4582543	0,7182744	0,7923983	0,5162575	0,4717953	0,7237041	0,5603816	0,4938866	0,1330844	0,2253518	0,6196121	0,1978328	0,6879594	0,2842861	0,6119534	0,7404390	0,1136934	0,0935487	0,2252717	0,6737068	0,2996869	0,3416090	0,6318093	0,7450461	0,8734164	0,5344696	0,0919953	0,4696316	0,5445081	0,3901807	0,5809880	0,3581192	0,3368029	0,0354982	0,5965861	0,7209006	0,9723131	0,3613869	0,7420211	0,4922196	0,9668645	0,1709592	0,1677194	0,5297210	0,5529697	1,0910215	0,2343930	0,6444781	0,8917776	0,1096995	0,7774330	0,2354996	0,9861339	0,1977195	0,1967417	0,2212449	0,6757871	0,9499086	0,5914613	0,8604808	0,4915399	0,3606646
80	0,1770764	0,6132911	0,5382588	0,7494271	0,8189505	0,5527859	0,4751392	0,7350275	0,6111216	0,4535257	0,1230706	0,1816467	0,6049112	0,2117113	0,6666952	0,1894207	0,6289121	0,6611060	0,1310273	0,0732430	0,2117400	0,6779800	0,4285952	0,3602398	0,6639200	0,7470562	0,8582337	0,4853389	0,0734364	0,3830912	0,5299151	0,4328077	0,5158600	0,2822699	0,3019576	0,0381174	0,5676021	0,7271198	0,9607114	0,3521246	0,7329637	0,4884756	1,0073264	0,1785868	0,1329958	0,5333934	0,6114228	1,0561483	0,2394971	0,6141379	0,9027137	0,0768057	0,7841844	0,2386651	0,9344983	0,1975628	0,1907507	0,2194924	0,6379420	1,0298833	0,6176883	0,9400441	0,4840199	0,3994625
100	0,1519674	0,6574890	0,5646358	0,6983486	0,7491694	0,4831311	0,4718631	0,7627599	0,5863904	0,4657967	0,1185207	0,1678151	0,6612498	0,2456004	0,7684987	0,1292200	0,6253293	0,5476179	0,1307565	0,1153694	0,1842761	0,7799801	0,4639082	0,3471399	0,5603193	0,7312583	0,9225024	0,4322424	0,0912813	0,3512656	0,5541895	0,4119091	0,4748482	0,2441407	0,3516441	0,0406663	0,5386012	0,6722561	0,9065503	0,2703684	0,7754517	0,4779598	0,9795096	0,1916528	0,1093500	0,5092472	0,6815394	1,1038578	0,2601638	0,6280143	0,9468480	0,0989444	0,7866280	0,2980577	0,9549395	0,2069034	0,2243811	0,1778035	0,6289112	1,0756966	0,6371393	0,9477022	0,4769858	0,3852406
120	0,1749926	0,6512927	0,5447209	0,6852518	0,7865286	0,4938810	0,4781063	0,7467017	0,5508359	0,4318306	0,1046782	0,1730160	0,6471722	0,2131098	0,7809251	0,1115154	0,6283600	0,4142278	0,1218033	0,1326858	0,1685669	0,7525005	0,4456556	0,3370224	0,5423621	0,6862873	0,9814492	0,4133896	0,1020705	0,3062293	0,5547749	0,4507519	0,3809786	0,2556339	0,3447570	0,0330112	0,4969272	0,6937207	0,9563010	0,2274617	0,7175922	0,4823654	1,0311585	0,2178507	0,0680571	0,5300707	0,5182795	1,1014355	0,3097370	0,6024984	0,9684103	0,0880014	0,7516370	0,2865047	0,9947923	0,2109310	0,2307982	0,1974271	0,6023286	1,0507042	0,6104331	0,9404945	0,4640203	0,4362149
140	0,1512194	0,6592177	0,4748904	0,6558039	0,8241463	0,5301792	0,5090673	0,7765421	0,5091071	0,4280673	0,0886078	0,1737245	0,6450669	0,2011811	0,7883012	0,0995423	0,6092251	0,4255753	0,0888000	0,1142392	0,1515042	0,8042741	0,4686299	0,3372958	0,5297620	0,6829698	1,0256496	0,3249558	0,1493943	0,2809766	0,5516625	0,5066346	0,3317711	0,2093972	0,3138845	0,0451229	0,4272400	0,6236241	0,9731239	0,1766147	0,7289944	0,4576370	0,9865469	0,2017155	0,0611526	0,5246355	0,5425309	1,0901072	0,3407516	0,5604949	1,0109959	0,0923024	0,7047756	0,3326038	0,9946988	0,1678094	0,2930495	0,2144202	0,5462706	1,0421398	0,6412317	0,9164909	0,4977238	0,3249734
160	0,1541588	0,5774757	0,5384074	0,6926393	0,8399398	0,5456857	0,5492047	0,7533666	0,4645790	0,4409292	0,0668578	0,1829207	0,6924193	0,2159114	0,8297252	0,0915149	0,5920696	0,3727516	0,0883284	0,1150402	0,1809895	0,8198782	0,4985963	0,3823869	0,5373647	0,6536423	1,0602096	0,2596129	0,1369955	0,2346831	0,5423874	0,4885930	0,2712020	0,2095102	0,3002775	0,0461524	0,4155003	0,6137706	1,0428161	0,1299640	0,6758295	0,4438233	0,9707983	0,1755009	0,0512292	0,5257381	0,5632659	1,0450209	0,3532896	0,5073694	0,9584520	0,0726403	0,7875854	0,3305409	0,9856689	0,1455603	0,2762769	0,2727609	0,5837745	1,0163964	0,6479578	0,9770524	0,4428417	0,3422422
180	0,1759454	0,5647505	0,5805450	0,7324292	0,8210321	0,5051479	0,4686462	0,6875443	0,5133595	0,4429321	0,0620531	0,1752214	0,7994891	0,2617094	0,7632774	0,0827658	0,5754555	0,2981129	0,1015394	0,1003140	0,1487066	0,8339464	0,4871676	0,3435485	0,5421823	0,5882208	0,9938484	0,2804126	0,1897961	0,2613824	0,5548125	0,5148478	0,2462241	0,2004429	0,3799840	0,0496740	0,3939805	0,4895469	1,0084839	0,1311835	0,7360640	0,4854335	1,0043032	0,1666578	0,0456405	0,5533207	0,5751109	1,0131007	0,3434606	0,4354322	1,0281553	0,0771999	0,7395239	0,3890148	0,9961176	0,1144936	0,2456579	0,2390615	0,5911411	0,9098576	0,5859170	0,9950905	0,3653709	0,2936508
200	0,1629636	0,5844324	0,6263001	0,5990133	0,8020457	0,4897748	0,4645897	0,7219720	0,5263446	0,4217598	0,0692223	0,1677267	0,8380921	0,2228613	0,7648739	0,0688761	0,5717621	0,2668624	0,1093664	0,1279243	0,1334906	0,8536112	0,4976114	0,2944199	0,5770626	0,6032243	1,0166050	0,2549688	0,2164027	0,2399999	0,5828603	0,5229713	0,2121354	0,2432766	0,3941147	0,0631172	0,4099122	0,4723665	0,9879497	0,0856009	0,6628774	0,5218502	0,9928700	0,1608348	0,0424028	0,5472946	0,5393216	0,9798311	0,3579577	0,3560859	1,0542449	0,0810708	0,7496832	0,3707205	1,0486684	0,0739776	0,2836071	0,2586830	0,6902752	0,9147867	0,5515486	1,0098615	0,4514680	0,3281853
220	0,1432071	0,5680612	0,5888655	0,6085290	0,7565635	0,4625455	0,4447755	0,7650760	0,5864021	0,3613929	0,0738590	0,1534491	0,8225965	0,1937607	0,6985228	0,0704513	0,5299181	0,2132603	0,1319214	0,1414042	0,1284355	0,9037017	0,4899485	0,2546150	0,5717623	0,6012119	1,0103016	0,2280362	0,2588640	0,2278888	0,5123062	0,5125644	0,2073275	0,2065321	0,3789192	0,0594066	0,4250264	0,4044443	0,9279192	0,0926862	0,7127710	0,4704806	1,0131061	0,1805741	0,0419768	0,5386298	0,5575808	0,9976994	0,3363478	0,3456483	1,0819417	0,0766287	0,6815727	0,3663591	1,0253815	0,0850894	0,2704540	0,2443127	0,6557663	0,9397941	0,5450452	0,9800702	0,4355443	0,3548815
240	0,1172671	0,5615224	0,5812709	0,6183713	0,7946315	0,5052760	0,4764908	0,7964267	0,5946511	0,3644620	0,0622294	0,1451285	0,8371933	0,2113525	0,7066845	0,0741580	0,5041729	0,1894284	0,1402615	0,1292328	0,1159028	0,9869594	0,5019305	0,3153543	0,5294844	0,5632281	1,0270534	0,2386173	0,2673969	0,2076083	0,5432657	0,5117906	0,2505080	0,2036248	0,3833980	0,0486919	0,3821347	0,3705648	0,9278331	0,0941532	0,7094169	0,4505264	1,0096535	0,1703506	0,0454016	0,5637034	0,5198739	1,0475918	0,3442661	0,3223786	1,1537105	0,0807903	0,7153021	0,4208044	1,0198872	0,0479174	0,2396970	0,2201656	0,6922641	0,9536640	0,4851627	0,9610134	0,4124282	0,3240521
260	0,1332773	0,5997397	0,5930444	0,5905390	0,7930257	0,4889628	0,5062981	0,7959625	0,4923342	0,3856805	0,0521656	0,1351973	0,8490099	0,2220857	0,7216454	0,0658116	0,5647789	0,1533796	0,1297467	0,1237047	0,1217081	0,9654708	0,5171260	0,2870830	0,5180561	0,5298621	1,0494472	0,2364072	0,2548174	0,2321510	0,5456431	0,5259798	0,2210970	0,1945560	0,4294616	0,0547192	0,3553097	0,3731100	0,9533181	0,1203527	0,7963978	0,4194698	0,8802714	0,1749359	0,0445249	0,5445431	0,5832789	1,0751986	0,3924812	0,3097411	1,0523761	0,0879991	0,7476186	0,4082927	1,0359220	0,0291739	0,2394343	0,2238051	0,6677465	0,9526700	0,4674128	0,9449650	0,4870978	0,2982521
280	0,1222869	0,5615272	0,5722151	0,5712785	0,7648819	0,5224232	0,5218102	0,7691429	0,4915736	0,3687545	0,0484252	0,1342725	0,7965257	0,2444355	0,7479008	0,0552570	0,5887340	0,1394553	0,1520469	0,1215535	0,1300017	0,9726705	0,4920937	0,2892536	0,5139177	0,5261484	0,9701250	0,2297929	0,2388964	0,2041759	0,5844155	0,5499744	0,2569971	0,1984914	0,4035556	0,0325550	0,3814617	0,3537241	0,9422718	0,1020977	0,8500300	0,4546498	0,9332400	0,1501593	0,0355158	0,5676177	0,5307384	0,9985199	0,3875014	0,3218977	1,0750111	0,1160034	0,7749879	0,4243084	1,0015014	0,0342811	0,2344694	0,2606172	0,6706651	0,9535880	0,4277329	0,8954966	0,5312580	0,3062318
300	0,1391769	0,5733619	0,5310931	0,6361906	0,8055171	0,5996357	0,5077038	0,7892535	0,5414309	0,3083566	0,0665456	0,1314240	0,8614228	0,2048256	0,7931585	0,0818618	0,5399570	0,1066595	0,1340379	0,1125147	0,1234426	0,9741331	0,5591075	0,2934608	0,5533183	0,4884421	1,0936725	0,2388055	0,2654299	0,2190498	0,5840889	0,5366392	0,2414004	0,2055946	0,3740028	0,0318033	0,4307637	0,3253141	0,9539040	0,0951386	0,7463884	0,4432080	0,9940915	0,1629705	0,0327542	0,5588876	0,5480266	0,9282243	0,3477609	0,2739663	1,0199822	0,1269591	0,7848664	0,4402506	0,9179200	0,0383693	0,2500325	0,2577544	0,6634465	0,9357212	0,4687901	0,8557062	0,4962756	0,3660932
320	0,1650531	0,5805505	0,5019551	0,6238970	0,8406945	0,5496381	0,4867994	0,7671543	0,5387614	0,3249759	0,0573143	0,1590467	0,8569334	0,2020617	0,7756141	0,0799293	0,5631272	0,0987500	0,1200754	0,0919874	0,1046371	0,9571951	0,5783340	0,3309799	0,5182666	0,4674351	0,9913595	0,2546334	0,2214773	0,2549382	0,5830443	0,5166701	0,2343908	0,2154024	0,3949524	0,0246823	0,4026585	0,3279107	1,0080326	0,1127755	0,6829350	0,4226010	1,0633660	0,1551178	0,0241870	0,5147397	0,5541108	0,9852904	0,3681133	0,2752284	1,0025796	0,1240607	0,7930970	0,4764819	0,8723765	0,0410578	0,2820744	0,2469144	0,6301286	0,9714760	0,4366009	0,8531235	0,4725566	0,4147633
340	0,1487128	0,6283339	0,5204199	0,5896327	0,8526150	0,5456600	0,4457884	0,7544996	0,5855167	0,3035886	0,0616481	0,1639440	0,8064698	0,1788083	0,7095875	0,0678154	0,6369004	0,0957597	0,1257374	0,0999829	0,1070848	0,8867094	0,5042128	0,3222661	0,5175289	0,4323559	0,9799342	0,2721084	0,1932379	0,2178109	0,6253568	0,4970294	0,2509178	0,2120794	0,4115091	0,0216589	0,4321661	0,3064866	0,9616991	0,1299211	0,7176025	0,4433114	1,0141490	0,1936656	0,0266077	0,5416814	0,5536307	0,9678601	0,3400467	0,3123618	0,9424170	0,1119620	0,8129732	0,4767632	0,9215528	0,0294452	0,2995504	0,2767364	0,6371267	0,9812293	0,4558439	0,9136089	0,4408986	0,3697002
360	0,1616478	0,6108383	0,5248272	0,6490927	0,8594122	0,5435661	0,4584339	0,7422117	0,5780309	0,2767539	0,0330343	0,1467997	0,8118616	0,1962773	0,7450366	0,0558022	0,6621175	0,0811151	0,1273321	0,1223528	0,1220614	0,8502173	0,5057551	0,3197121	0,5402097	0,3922339	0,9677781	0,2278351	0,1802137	0,2243843	0,5756975	0,5119466	0,2799252	0,2060058	0,4200607	0,0322530	0,3906788	0,2672051	0,9320830	0,0848481	0,6647895	0,4641778	1,0294106	0,2100759	0,0246903	0,5619638	0,5840461	1,0156968	0,3623928	0,3391272	0,9939699	0,0818068	0,7780777	0,4691815	1,0143093	0,0350264	0,3166195	0,2166768	0,6497533	0,9492522	0,4372765	0,8993701	0,4609108	0,3311124
380	0,1627875	0,5781566	0,5303719	0,6616411	0,8441010	0,5534910	0,4912256	0,7326136	0,5630838	0,3296450	0,0464393	0,1377285	0,7738008	0,2389652	0,7653822	0,0579800	0,5923733	0,0790162	0,1194357	0,1213001	0,1202904	0,8610079	0,5221447	0,3033138	0,4777101	0,3329185	1,0067214	0,2366338	0,1500233	0,2143504	0,5137794	0,4922156	0,2484581	0,2068961	0,4287509	0,0321797	0,4326142	0,2438462	0,9227815	0,0830706	0,7001038	0,4793151	0,9761932	0,1892548	0,0293100	0,5474976	0,6125175	0,9596227	0,3696286	0,3090390	0,9556989	0,0769063	0,7457109	0,4720420	1,0327530	0,0423973	0,2758394	0,1982026	0,6602533	0,9258941	0,4370297	0,8788123	0,4814439	0,3751584
400	0,1554694	0,5988181	0,6138251	0,6718567	0,8350977	0,5525655	0,5367491	0,7254545	0,5477665	0,3337060	0,0373990	0,1393468	0,7123963	0,2554925	0,7503162	0,0527703	0,5756513	0,0545578	0,1352782	0,1271165	0,1165445	0,8523328	0,5200700	0,2651965	0,5022462	0,3157916	1,0043757	0,2282985	0,1384420	0,2459302	0,5597159	0,4930230	0,2431944	0,2358105	0,4082944	0,0485801	0,4704909	0,2764632	0,9558790	0,0831660	0,7293096	0,4753446	0,9541493	0,1906143	0,0293651	0,5032421	0,6386510	0,9148894	0,3464480	0,3195416	0,9832635	0,0676275	0,7066496	0,3960093	1,0346601	0,0282684	0,2451853	0,2391248	0,6564911	0,9720861	0,3921068	0,8752713	0,4163116	0,3184325
420	0,1579151	0,5859102	0,5826574	0,6767302	0,8688991	0,5427249	0,4978507	0,7925398	0,5787431	0,3369043	0,0353309	0,1379156	0,6586723	0,2405050	0,7502357	0,0503667	0,5549928	0,0627325	0,1173525	0,1180914	0,1017543	0,8699971	0,5713121	0,2430956	0,4762495	0,3060406	1,0503590	0,2299689	0,1118659	0,2119865	0,5747600	0,4878923	0,2154822	0,2447550	0,4226889	0,0444004	0,4033178	0,2686027	0,9285165	0,0836550	0,6859008	0,4836447	1,0042216	0,1872980	0,0316264	0,5198260	0,5957632	1,0199686	0,3562806	0,2818426	0,9667989	0,0941608	0,7266631	0,3682741	1,0329808	0,0165209	0,2451088	0,2272602	0,6405754	0,9800325	0,4041967	0,8035508	0,3850209	0,4011761
440	0,1354500	0,5958624	0,5846757	0,6798437	0,8759703	0,5257026	0,4505592	0,7796713	0,5876747	0,3087928	0,0283158	0,1371353	0,6428413	0,2188573	0,6913765	0,0618815	0,6255247	0,0392026	0,1019477	0,0842740	0,0883078	0,9027429	0,5267190	0,2607976	0,4560713	0,3183060	1,0191893	0,2410486	0,1449611	0,1813867	0,5254141	0,5539362	0,2172178	0,2087994	0,3896000	0,0453768	0,4589052	0,2408300	0,9221009	0,1055307	0,7370488	0,4566059	1,0036036	0,1457790	0,0267001	0,5131077	0,5638955	0,9902427	0,4016895	0,2796837	0,9402952	0,0866984	0,7272602	0,4239804	1,0431397	0,0190060	0,2747111	0,2264569	0,6339482	1,0043077	0,3907040	0,7023674	0,4701891	0,3836191
460	0,1326206	0,7001436	0,5631259	0,5809027	0,8465617	0,4809601	0,4466345	0,7607159	0,5111167	0,2974361	0,0303655	0,1582526	0,6116251	0,2075667	0,7366160	0,0805980	0,6245733	0,0562744	0,1194190	0,0937249	0,0933535	0,8830391	0,5737896	0,2743218	0,4635926	0,3510526	1,0692438	0,2513235	0,1187601	0,1861129	0,5800483	0,5309896	0,2211710	0,2251710	0,4249796	0,0403732	0,4182312	0,2145325	0,9462498	0,1209791	0,7248032	0,4561375	0,9405844	0,1622610	0,0311394	0,5686585	0,5268680	0,9806614	0,4526922	0,2685131	0,9245213	0,0600057	0,7665564	0,4468780	0,9772750	0,0324138	0,2602540	0,2234081	0,5983316	0,9950931	0,4071035	0,6199267	0,5209736	0,3753615
480	0,1382827	0,6369886	0,5502319	0,5825580	0,8224056	0,4054405	0,5261206	0,7278998	0,5071973	0,2798157	0,0395621	0,1665776	0,5854205	0,2128767	0,7600896	0,0826984	0,5404334	0,0664103	0,1315844	0,0796388	0,0891168	0,8750736	0,5288465	0,2485097	0,4624726	0,3979689	1,0196649	0,2533808	0,0960100	0,1937162	0,5640454	0,5478768	0,2323940	0,2283181	0,4059376	0,0496196	0,4031872	0,1866506	0,9569353	0,1061519	0,7791066	0,4602354	0,8574139	0,1931018	0,0280153	0,5809711	0,5524962	0,9376179	0,4534243	0,2609970	1,0176583	0,0593813	0,7444176	0,4073043	0,9907341	0,0286770	0,2583019	0,2479048	0,5375090	1,0684010	0,3866072	0,5691986	0,4478672	0,3576682
500	0,1643562	0,6670733	0,5674831	0,5878063	0,8436857	0,4571861	0,5954126	0,7863056	0,5006669	0,2952279	0,0397053	0,1544328	0,6027543	0,1926516	0,7926042	0,0633708	0,5732701	0,0653785	0,1260422	0,1119447	0,0974683	0,8145118	0,5152796	0,2406352	0,4202258	0,4113685	0,9909300	0,2583586	0,0879120	0,1811020	0,5972517	0,5326971	0,2184625	0,2043929	0,4036606	0,0475642	0,4387555	0,1677741	1,0485925	0,0859235	0,7542410	0,4707028	0,9648354	0,2078118	0,0274602	0,5467245	0,5204663	0,9963650	0,4456216	0,2077009	0,9911379	0,0818876	0,7418861	0,3549147	0,9582085	0,0234797	0,2356673	0,2355602	0,5459474	1,0150736	0,3868895	0,5606553	0,5082300	0,3629948
520	0,1401152	0,6743592	0,5654743	0,6677879	0,8048230	0,5145996	0,5405496	0,7666976	0,4575573	0,3525495	0,0347611	0,1335358	0,5640047	0,2332890	0,7601793	0,0575149	0,5672599	0,0526684	0,1244799	0,1219925	0,1027381	0,8344353	0,4461245	0,2377367	0,4590273	0,4306628	1,0107566	0,2371465	0,0798828	0,1961950	0,5582057	0,5080795	0,1741764	0,1880592	0,3796421	0,0288683	0,4355072	0,1563831	1,0124853	0,0826072	0,7937012	0,4835930	1,0161401	0,2085103	0,0214743	0,5625626	0,5522664	0,9514129	0,4081989	0,1941314	0,9459475	0,0899315	0,7329926	0,3772966	0,9495317	0,0271065	0,2356589	0,2399621	0,5917117	1,0462434	0,4288514	0,4847994	0,5044857	0,3280714
540	0,1450138	0,6572718	0,5147847	0,6784314	0,7589580	0,5173273	0,5057038	0,7739256	0,4716059	0,4675973	0,0456465	0,1206710	0,5568492	0,2648918	0,7535173	0,0597447	0,6351326	0,0465893	0,1346825	0,1019297	0,1016161	0,8912354	0,4106097	0,2467020	0,4464840	0,4521788	0,9252569	0,2235414	0,0757491	0,1983926	0,5588302	0,5025546	0,1531540	0,1929637	0,3619133	0,0244858	0,4700345	0,1760623	0,9731096	0,0693726	0,7741002	0,4977192	1,0049623	0,1794607	0,0251363	0,5875390	0,5690003	0,9047769	0,4133087	0,1963450	0,9951352	0,0890427	0,6852197	0,3603135	0,8813469	0,0479789	0,2917011	0,2349930	0,5430192	1,0667388	0,4092805	0,4920847	0,4378627	0,3355578
560	0,1546764	0,6321509	0,4722033	0,6628408	0,8234728	0,5451635	0,4621026	0,7335794	0,5632182	0,5403319	0,0475281	0,1505970	0,5603800	0,2648466	0,7383735	0,0695115	0,5754122	0,0770872	0,1036511	0,1123145	0,0897719	0,8017696	0,4288405	0,2632787	0,4486001	0,4822558	0,9769662	0,2664393	0,1016918	0,2043895	0,5502097	0,4598429	0,1429796	0,2098884	0,3609412	0,0388640	0,4613735	0,1597767	0,9563351	0,0635402	0,7538777	0,4892331	0,9586667	0,1702772	0,0117385	0,5844810	0,5866288	0,9234827	0,4123490	0,1975492	1,0722467	0,0778920	0,7262136	0,3661947	0,9107223	0,0422304	0,2489350	0,2472932	0,5644539	1,0101330	0,4257040	0,4507584	0,4034323	0,3379429
580	0,3181120	0,6210001	0,4859757	0,5323317	0,9053098	0,5663447	0,4688660	0,7167648	0,5953730	0,5043690	0,0522783	0,4264963	0,4923650	0,3150661	0,6563246	0,3954447	0,5883088	0,0678257	0,0657212	0,0336921	0,1069051	0,6388069	0,4233820	0,1592146	0,4047508	0,4908251	0,9514186	0,1950772	0,0675183	0,1037709	0,4310171	0,2789954	0,1567777	0,2061910	0,3596456	0,0484207	0,4356241	0,1515199	0,9794297	0,0510523	0,6896902	0,3456819	1,0053562	0,1720396	0,0271456	0,6023079	0,2772778	0,9322758	0,5011463	0,2062402	0,9985149	0,0828127	0,6960489	0,3951864	0,7253483	0,0416697	0,2931191	0,4134149	0,5908757	1,0046045	0,3243236	0,3601892	0,7645289	0,2975985
600	0,4574700	0,6240458	0,4846088	0,4999401	0,8533506	0,6022030	0,4339335	0,6962529	0,5910987	0,5447511	0,0529310	0,5337606	0,5279562	0,3111673	0,6726972	0,5683053	0,5697134	0,0666041	0,0413318	0,0105386	0,1100935	0,5047504	0,4193451	0,1007204	0,4159263	0,5197170	0,9567476	0,1782255	0,0736938	0,0685029	0,3402543	0,1733908	0,1558509	0,1943205	0,3597925	0,0476118	0,4857537	0,1895354	0,9818824	0,0484201	0,7628074	0,2770940	0,9936733	0,1965392	0,0124692	0,5627970	0,1266524	0,9070479	0,4993427	0,2266107	0,8593652	0,1427547	0,7548376	0,3836154	0,5907226	0,0191830	0,2592185	0,4839826	0,5593201	0,9886632	0,2320934	0,2850522	0,9050546	0,3091289
620	0,4854199	0,6277573	0,4998616	0,4911945	0,8492338	0,5565530	0,4625856	0,7168256	0,5816041	0,5506020	0,0830011	0,5356949	0,4796652	0,3019055	0,7477143	0,5922220	0,5527807	0,0558034	0,0380247	0,0094312	0,1199148	0,4523294	0,4253525	0,0688950	0,4293748	0,5060985	0,9551453	0,2181310	0,0781957	0,0803019	0,2940372	0,1163554	0,1612946	0,1906921	0,3486121	0,0375469	0,4768763	0,2206664	0,9602954	0,0700396	0,7769604	0,2377973	1,0220286	0,2028822	0,0174166	0,5693208	0,0843826	0,9159447	0,4866646	0,2889397	0,9629994	0,1777946	0,7989558	0,3416782	0,5877902	0,0183397	0,2419013	0,5356380	0,5772718	0,9530141	0,1659742	0,2545604	0,9282177	0,3360821
640	0,4753641	0,6038098	0,4485077	0,4592708	0,7582359	0,5510046	0,4452040	0,6761678	0,5419811	0,5038684	0,1008046	0,5960475	0,4662235	0,2720731	0,7384715	0,6517791	0,5815642	0,1899809	0,0259411	0,0058186	0,1328903	0,4145094	0,4450804	0,0502688	0,4283688	0,5180216	1,0020667	0,2589318	0,0981344	0,1005446	0,2513842	0,0736597	0,1683030	0,1932292	0,3918373	0,0474856	0,4434993	0,3523100	0,9176482	0,1045093	0,7178463	0,1824749	1,0494784	0,2282610	0,0314654	0,5755684	0,0795773	0,9983666	0,4799457	0,3235155	0,9001991	0,2027151	0,7119820	0,3123127	0,5099909	0,0381970	0,2468945	0,4822279	0,5475705	0,9599713	0,1439268	0,2256309	0,9705979	0,3557890
660	0,5009802	0,6171588	0,4845787	0,4504407	0,8165449	0,6007007	0,4533163	0,7176808	0,5569925	0,4783883	0,1179023	0,5387748	0,4787760	0,2453921	0,6844232	0,6853049	0,5307339	0,3401733	0,0236639	0,0022776	0,1747581	0,3606363	0,3915268	0,0516064	0,5247330	0,5470592	1,0297273	0,2383961	0,0953715	0,1273071	0,2349282	0,0363274	0,2409986	0,1934445	0,3475502	0,0459123	0,4372012	0,4278575	0,9859975	0,0982043	0,6724734	0,1529898	1,0050018	0,2056969	0,0311423	0,5892470	0,0491913	1,0700408	0,4617478	0,3677885	0,9312065	0,1688994	0,7560472	0,3512852	0,4799097	0,0259470	0,2572625	0,4935969	0,5780069	0,9587329	0,1012642	0,2989247	0,8460863	0,3931365
680	0,5270139	0,6458175	0,5483356	0,4061765	0,8544777	0,5977459	0,4347725	0,6993043	0,5383325	0,4619307	0,1527880	0,5729135	0,5280036	0,2500281	0,7213597	0,7680619	0,5729198	0,4384712	0,0070793	0,0046850	0,1448244	0,3442326	0,2963304	0,0556124	0,5522596	0,5684359	1,0105899	0,2501689	0,0793814	0,1537100	0,2352858	0,0330038	0,2771233	0,2180804	0,4080394	0,0470989	0,4370293	0,4878517	1,0513056	0,1279541	0,7167255	0,1446809	0,9776869	0,2052677	0,0441683	0,5663197	0,0414193	1,0306562	0,4316853	0,4135584	0,9689352	0,1819554	0,7918120	0,3318176	0,4865081	0,0224932	0,2585421	0,5318302	0,6077766	0,9407040	0,0834381	0,3814830	0,8791319	0,3202983
700	0,5535673	0,6026846	0,5523727	0,3693888	0,7928306	0,6118728	0,4563082	0,7660013	0,5401065	0,4487940	0,1912817	0,5347598	0,5233749	0,2739940	0,7376211	0,7915774	0,6212350	0,4820666	0,0047023	0,0028216	0,1597228	0,3080156	0,1953922	0,0615170	0,6036387	0,5677010	1,0631346	0,2506468	0,0960459	0,2032523	0,2411272	0,0163107	0,2535849	0,2094170	0,4099451	0,0342540	0,4544613	0,5005644	0,9952175	0,1543903	0,7305325	0,1434328	1,0707142	0,2056827	0,0632141	0,5937704	0,0562549	1,0250813	0,4220060	0,4974937	0,9293384	0,1893085	0,8097297	0,2860883	0,4947131	0,0387581	0,2579617	0,5016555	0,6400307	0,9841771	0,0692712	0,4143837	0,8390512	0,3905096
720	0,5819718	0,6133219	0,5366648	0,4531156	0,8312593	0,6257539	0,4640092	0,7788836	0,5623751	0,4345987	0,2510074	0,5213855	0,5449772	0,3003347	0,7137452	0,8237371	0,6461166	0,6427545	0,0019672	0,0032341	0,1519206	0,3183277	0,1367357	0,1142270	0,6446760	0,5936521	1,0812719	0,2453512	0,0968812	0,2239061	0,2277761	0,0127314	0,3906723	0,2668634	0,3752904	0,0361650	0,5421757	0,5330372	0,9676524	0,1640267	0,7108105	0,1384886	1,0370363	0,1989045	0,0880840	0,5479341	0,0830788	1,0383990	0,3652582	0,5298202	0,8855829	0,1894180	0,7675795	0,2980655	0,4793669	0,0557344	0,2400214	0,5529306	0,6379645	0,9369713	0,0843578	0,5296114	0,7676252	0,3645677
740	0,6263683	0,6263376	0,4882765	0,5114500	0,8575980	0,5712479	0,4565762	0,7691905	0,5781483	0,4130744	0,2556639	0,5337221	0,5901063	0,2856616	0,7219103	0,8656710	0,5852852	0,7072911	0,0122455	0,0037229	0,1613732	0,3116457	0,1042287	0,1023913	0,6668146	0,6313359	1,0120041	0,3213357	0,0715685	0,2372340	0,2563076	0,0027295	0,4273750	0,3136053	0,3694097	0,0350193	0,5767839	0,6137349	0,9636371	0,2393686	0,7898370	0,1343184	0,9819940	0,2112980	0,1211351	0,5020733	0,1078538	0,9866185	0,3558684	0,5824581	0,9339248	0,1730777	0,7306545	0,3462154	0,5132626	0,0569178	0,2418604	0,5006581	0,6006229	0,9715976	0,0831712	0,5117183	0,8707694	0,3670626
760	0,6122559	0,6027890	0,4820736	0,4954410	0,8438403	0,5737834	0,4368493	0,7188429	0,5537145	0,3785426	0,2099359	0,5699896	0,5787313	0,2809628	0,7174848	0,8108724	0,5731500	0,7329964	0,0216561	0,0057105	0,1733241	0,3129408	0,0894441	0,1214755	0,6826216	0,6328846	0,9267042	0,3631366	0,1116127	0,2585773	0,3120807	0,0014477	0,4935132	0,3276475	0,4018339	0,0411124	0,5931884	0,6383851	0,9771574	0,2654221	0,7970906	0,1462111	0,9657536	0,2211621	0,1230991	0,5507858	0,1421791	0,9722917	0,3480891	0,6710292	0,8968102	0,1695171	0,6992880	0,3738108	0,4972217	0,0834358	0,2692703	0,5407067	0,5992238	0,9881868	0,0976317	0,6311222	0,8291670	0,4235874
780	0,6140950	0,6627552	0,5164838	0,4942395	0,8269925	0,5501760	0,5000137	0,7100816	0,5352136	0,4075750	0,2077516	0,5446816	0,5577970	0,2758234	0,7664139	0,8020621	0,5788078	0,7643151	0,0209602	0,0058056	0,1766884	0,2963494	0,1069382	0,1572938	0,7260038	0,6335799	0,9180480	0,3594816	0,1024768	0,2275089	0,3576933	0,0007706	0,5042521	0,3116203	0,3722080	0,0308551	0,6334484	0,6238170	0,9825474	0,2906777	0,7592790	0,1542921	0,9003330	0,2478010	0,1372507	0,5147378	0,1753455	0,9694757	0,3650968	0,6746606	0,9237810	0,1621237	0,6967130	0,3958894	0,5837300	0,1443753	0,2625464	0,5224497	0,5514154	1,0420319	0,1486543	0,7403329	0,8181410	0,4668392
800	0,6131803	0,6823888	0,6120627	0,4507128	0,7672139	0,5193674	0,4506670	0,7360556	0,5191556	0,3711860	0,1755356	0,5626570	0,5601069	0,2789981	0,7155944	0,8123825	0,6282230	0,7470415	0,0126111	0,0015978	0,1722853	0,3059662	0,0760276	0,1803838	0,7609209	0,6423892	0,9758557	0,3849469	0,0899852	0,2371242	0,3440354	0,0004728	0,4958756	0,3754840	0,3664144	0,0274643	0,6100509	0,6338442	0,9445071	0,3192022	0,7207398	0,1440225	0,9481309	0,2184461	0,1695059	0,5497059	0,1254401	0,9645365	0,3614763	0,6747476	0,9247627	0,1981776	0,7689706	0,3515294	0,6430893	0,1896253	0,2775199	0,5543567	0,5755230	0,9814735	0,2079731	0,7942295	0,6686914	0,4409469
820	0,5910593	0,6481564	0,5684775	0,3654683	0,7070837	0,6912750	0,4253589	0,6991676	0,4871336	0,3331418	0,1435400	0,5415494	0,6347829	0,2712328	0,6785183	0,8497152	0,5756527	0,7111049	0,0152089	0,0025729	0,1946848	0,3618621	0,0733582	0,1896467	0,7819751	0,6481907	0,8925711	0,4060523	0,1107293	0,2239272	0,3285968	0,0022585	0,5063146	0,4408756	0,3415592	0,0259909	0,5396751	0,6205930	0,9605870	0,2993180	0,6919874	0,1346145	0,9987270	0,1602616	0,2046028	0,5120259	0,1173025	1,0154553	0,3776870	0,5857670	0,9835528	0,1800407	0,7248652	0,3243577	0,7846836	0,2040575	0,2427240	0,5239976	0,5628806	1,0186293	0,2744519	0,8279766	0,7014866	0,4162993
840	0,5947719	0,6509687	0,4985594	0,4623868	0,7002373	0,6825959	0,4556765	0,7070309	0,5375827	0,3627638	0,1924322	0,5448200	0,6151875	0,2518613	0,6373572	0,8545870	0,5456141	0,7581062	0,0127649	0,0040694	0,2042694	0,3792869	0,0682661	0,2086224	0,7675436	0,6958253	0,9306348	0,4501699	0,0849239	0,2390715	0,3806155	0,0013566	0,5696224	0,4954855	0,3241144	0,0297629	0,5374730	0,6436098	1,0236609	0,2734689	0,7087343	0,1465971	1,0502970	0,1620781	0,2109230	0,4870438	0,0991312	1,0628448	0,3735897	0,5952545	0,9187679	0,1688988	0,7174780	0,2906281	0,8512982	0,1817630	0,2318176	0,4546036	0,5934859	1,0242047	0,3177714	0,8431378	0,7224792	0,4064752
860	0,5418334	0,6765390	0,5111313	0,4649954	0,7483809	0,6909007	0,4176644	0,7308766	0,5255061	0,4356812	0,2024664	0,5300072	0,5924623	0,2129872	0,6375897	0,9044928	0,5161859	0,7910185	0,0141294	0,0039361	0,1630515	0,3637129	0,0757862	0,2026076	0,7881289	0,7232779	0,9945330	0,4157406	0,0786407	0,2168259	0,4037929	0,0028223	0,6357704	0,4980235	0,3397275	0,0383106	0,5191398	0,6195462	1,0239806	0,2959515	0,7415625	0,1762205	0,9915161	0,1555289	0,2231941	0,5433316	0,0667520	1,0303821	0,4079649	0,5718048	0,8563280	0,1810315	0,7664197	0,2707927	0,8967307	0,2073848	0,2594864	0,5166817	0,5323921	0,9696424	0,3606831	0,8402479	0,6904427	0,3025128
880	0,5589864	0,6194930	0,5221255	0,4180579	0,7305785	0,6838006	0,4424168	0,7563897	0,5212879	0,4362389	0,1918627	0,4961768	0,5737707	0,2361760	0,6567722	0,8249932	0,5249103	0,6854394	0,0107240	0,0023772	0,1639854	0,3884661	0,0734852	0,1839299	0,7490761	0,7413139	0,9734179	0,4071922	0,0868830	0,2112078	0,4325974	0,0032322	0,6327444	0,4985005	0,3616191	0,0376269	0,5197182	0,6726652	1,0529543	0,3070225	0,7529184	0,1893686	1,0456657	0,1746286	0,2469040	0,5992155	0,0836968	0,9750385	0,4602058	0,5350725	0,8303927	0,2326300	0,6966663	0,2960582	0,8779283	0,2802161	0,2533061	0,5379474	0,6104453	1,0286461	0,3650595	0,8078140	0,7772812	0,3360193
900	0,5639856	0,6529816	0,4851425	0,5095409	0,7644134	0,6334520	0,4615385	0,7715742	0,4678251	0,4739641	0,1903156	0,4861164	0,5413930	0,2718743	0,7280178	0,7898549	0,5522384	0,7716047	0,0065359	0,0007430	0,1753590	0,3858140	0,0754620	0,1910373	0,8043849	0,7456904	0,9592493	0,3672514	0,0925290	0,2336523	0,3805177	0,0033070	0,6238129	0,4341618	0,3401636	0,0313741	0,5691204	0,7121493	1,1021929	0,3011107	0,7641770	0,1848536	1,0747650	0,1580847	0,2771236	0,5247413	0,0726213	0,9552299	0,4421601	0,5662170	0,8483900	0,2620241	0,7498023	0,3015128	0,8769563	0,2764815	0,2469341	0,5388971	0,5601073	1,0221002	0,4199704	0,8341488	0,7650132	0,3702112
920	0,6163874	0,6634746	0,5032999	0,4709366	0,7486604	0,6920539	0,4858197	0,7097515	0,4792302	0,4943145	0,2152689	0,5421924	0,5180152	0,2556268	0,8367334	0,7314384	0,5690162	0,7780343	0,0135545	0,0043082	0,1788843	0,3967202	0,0650596	0,1891240	0,7370438	0,7470220	1,0034166	0,4348691	0,0820011	0,2724557	0,3797776	0,0025487	0,6228937	0,4372956	0,3499803	0,0391438	0,5602449	0,6998797	1,0684089	0,2909002	0,7398120	0,1795088	1,0604869	0,2007196	0,2728672	0,5829078	0,0988275	1,0176152	0,4141353	0,5597498	0,8346019	0,2546988	0,7845420	0,3111697	0,9476056	0,2848427	0,2313151	0,5569008	0,5860609	0,9454245	0,4246464	0,8475064	0,7250301	0,3828882
940	0,5978786	0,6425267	0,4829938	0,5212618	0,7830599	0,6807919	0,4975201	0,7312353	0,5567929	0,5096374	0,2022886	0,6141530	0,5046297	0,2767265	0,8535772	0,7669636	0,6048320	0,7750584	0,0090093	0,0050228	0,1948114	0,3747772	0,0831702	0,1760086	0,7467010	0,7485623	0,9424657	0,4621069	0,0761352	0,2792599	0,3920177	0,0008451	0,6114486	0,4778873	0,3549782	0,0392407	0,5539462	0,7223566	1,0220558	0,3294720	0,7911288	0,1842143	1,0363862	0,2092607	0,2938906	0,5550250	0,1031885	1,0631671	0,3702410	0,5908642	0,8801775	0,2459757	0,7442209	0,3089131	0,9067522	0,2474985	0,2458940	0,5640474	0,6042462	0,8928057	0,4323399	0,8709073	0,7504247	0,4072318
960	0,5955277	0,6112198	0,4786813	0,4746462	0,8201970	0,6810575	0,5216334	0,7181811	0,5681472	0,4930291	0,1900033	0,5709492	0,5165239	0,2750655	0,7353060	0,7224061	0,5722002	0,7571423	0,0019388	0,0000254	0,1993469	0,3569942	0,0620423	0,1783760	0,7140332	0,7840021	0,9385463	0,5084551	0,0706819	0,2605061	0,3898955	0,0023638	0,5481730	0,4182905	0,3992127	0,0243975	0,6221916	0,6650493	1,1378677	0,2993157	0,8408817	0,1814496	0,9911068	0,2675231	0,3149746	0,5875926	0,1390306	1,0045664	0,4128573	0,6541980	0,8356542	0,2711105	0,7931081	0,2961848	0,8743746	0,2641649	0,2586889	0,5505790	0,6112920	0,9271611	0,4158353	0,8822833	0,7268415	0,4247651
980	0,6013695	0,6123530	0,4731828	0,4219027	0,8113685	0,6479049	0,4539221	0,7195616	0,5266542	0,4680285	0,1979994	0,6358652	0,5589992	0,2769021	0,6601979	0,7931122	0,5893844	0,7336035	0,0040054	0,0022161	0,1986568	0,3125817	0,0666976	0,1705822	0,7740764	0,7852470	0,9428884	0,4751387	0,0820934	0,2370787	0,3373577	0,0026110	0,5353566	0,3755331	0,3879573	0,0256284	0,5877839	0,6846677	1,1396176	0,2522572	0,8560737	0,1979846	0,9755642	0,2289909	0,2523109	0,5437024	0,1449449	1,0822624	0,3734485	0,5754651	0,8704170	0,2372565	0,7698109	0,3120873	0,8981626	0,3013798	0,2655102	0,5515103	0,6389606	0,9738201	0,4728570	0,8477579	0,7294424	0,3939923
1000	0,6310164	0,6194836	0,4670515	0,4393684	0,8205935	0,6509091	0,4389719	0,7276003	0,4973920	0,4676901	0,2326824	0,5940109	0,5844187	0,2863141	0,6712397	0,8032019	0,5795991	0,7593348	0,0091404	0,0047175	0,1905748	0,3122524	0,0621043	0,1598223	0,8046286	0,7588209	0,9426960	0,4492260	0,0834999	0,2556002	0,4071085	0,0054622	0,5517074	0,3642459	0,3584965	0,0327098	0,5724023	0,6417071	1,0628338	0,2819701	0,7466609	0,1844010	0,9916314	0,1939588	0,2557839	0,5728745	0,1378888	1,0441541	0,3816829	0,6017099	0,8985320	0,2212371	0,7399926	0,3223150	0,9226110	0,3027935	0,2502699	0,5338132	0,6396704	0,9411028	0,5180980	0,8061091	0,7689210	0,3865972
1020	0,5893695	0,6646919	0,5599616	0,4486954	0,8599390	0,6660299	0,4565420	0,7217150	0,4969928	0,4959833	0,2228258	0,5265671	0,5680618	0,2698987	0,6932817	0,7780773	0,5928593	0,7175362	0,0062421	0,0088505	0,1723787	0,3245239	0,0683385	0,1701073	0,7750764	0,7437885	0,9767029	0,5029592	0,0858496	0,3043726	0,3764908	0,0019362	0,5431353	0,4175119	0,3285258	0,0495592	0,5635987	0,7158565	1,0232987	0,3359715	0,6890180	0,1667059	1,0021088	0,2093644	0,2233129	0,6142617	0,1525701	1,0473501	0,3930899	0,5923595	0,9044302	0,2353561	0,7871654	0,3311307	0,8980918	0,3001832	0,2222708	0,5172314	0,6113684	0,9629192	0,5054543	0,7798387	0,7442363	0,3616222
1040	0,6058259	0,6580471	0,5151626	0,5209642	0,8959102	0,6105318	0,5020865	0,6898092	0,4622662	0,5188358	0,2022512	0,5629932	0,5934088	0,2884259	0,6894805	0,7905893	0,5804808	0,8140020	0,0073108	0,0062230	0,1792509	0,3568169	0,0744422	0,1602791	0,6947803	0,7039118	0,8520122	0,4507512	0,0748684	0,2686712	0,3676224	0,0039084	0,5516176	0,3880837	0,3731102	0,0452672	0,5561478	0,7077781	1,0365131	0,3323968	0,7399620	0,1618853	1,0097803	0,2167444	0,2349010	0,5628460	0,1523935	1,0045478	0,3850238	0,6712277	0,9118255	0,1907503	0,7856593	0,3343866	0,8534200	0,2608141	0,2119087	0,5050082	0,6237921	0,9988002	0,5002901	0,7884220	0,7930600	0,4052053
1060	0,5976260	0,6377034	0,4796603	0,5095268	0,9121514	0,5871510	0,5266592	0,7519044	0,4952433	0,4923959	0,2037815	0,5804467	0,6267384	0,2513049	0,7142307	0,8055632	0,5433614	0,8168080	0,0050954	0,0055566	0,2004348	0,3591476	0,0593112	0,1442381	0,7160487	0,7096105	0,8911461	0,4770573	0,0743777	0,2787678	0,3650413	0,0033860	0,5518936	0,3726283	0,3644593	0,0291471	0,5690551	0,6985888	1,0032789	0,3032047	0,6542305	0,1472518	1,1139573	0,2041074	0,2397142	0,5451170	0,1687525	1,0040832	0,3834450	0,6748962	0,9108267	0,1920494	0,8062233	0,2636862	0,8507406	0,2342488	0,1879209	0,5212630	0,6043341	0,9126573	0,5126135	0,8322266	0,7360536	0,3374875
1080	0,5813871	0,6092421	0,4755297	0,5931790	0,8547250	0,5717331	0,5585802	0,7830254	0,5191630	0,4693630	0,1931039	0,5571192	0,6441097	0,2807121	0,7479507	0,8566207	0,5790786	0,7562091	0,0071171	0,0052550	0,1933723	0,2978629	0,0680348	0,1351274	0,7383170	0,7403136	0,9286692	0,4354200	0,0985191	0,2601845	0,3419811	0,0028784	0,5254192	0,3584477	0,3219639	0,0368727	0,6035622	0,6512863	1,0730728	0,3328521	0,7526726	0,1946986	1,0745885	0,2394482	0,1926315	0,5530252	0,1852294	0,9372122	0,3446893	0,6931722	0,9574471	0,1592122	0,7891436	0,2649366	0,8338051	0,2262463	0,1997336	0,4847093	0,6160966	0,9608574	0,5382934	0,8232098	0,6658342	0,4295211
1100	0,6145932	0,6194065	0,4710146	0,4946511	0,8765386	0,5491207	0,5372661	0,7726051	0,5408821	0,4656270	0,2681953	0,5265455	0,6880045	0,2573071	0,7937243	0,8513165	0,5778210	0,7802119	0,0008999	0,0024858	0,1887801	0,3024419	0,0694486	0,1320030	0,7225477	0,7178376	0,8722256	0,4351038	0,1019514	0,2527500	0,3242934	0,0050726	0,5812812	0,3680836	0,2975506	0,0236128	0,6458665	0,6336941	1,0208335	0,2701807	0,6894091	0,1962111	0,9549288	0,2828454	0,1489115	0,5911672	0,1655366	0,9223564	0,3638848	0,7203249	0,9604267	0,1807090	0,8761142	0,2905807	0,8428582	0,1964802	0,2109455	0,4737482	0,5715688	0,9048035	0,5619588	0,9185445	0,6596597	0,3977632

0	0,5395862	0,6767542	0,5439019	0,5091957	0,8312002	0,6706050	0,4418857	0,6624448	0,4522177	0,5596729	0,1998400	0,5221288	0,6180368	0,3324114	0,7490338	0,7839795	0,5346745	0,7404448	0,0157864	0,0017709	0,2085649	0,2835339	0,0761841	0,1848712	0,7618372	0,7731345	0,9429673	0,4210163	0,0798527	0,2546479	0,4328205	0,0005026	0,5941943	0,4544619	0,3352314	0,0451189	0,5561952	0,7068761	1,0445583	0,2919150	0,7761423	0,1838384	0,9700039	0,1743543	0,2309267	0,5267793	0,0972665	1,0675199	0,4866894	0,6314319	0,9584337	0,1883482	0,7688648	0,2619535	0,9995399	0,2473337	0,2486138	0,4922794	0,6156741	0,9693634	0,5191243	0,8604995	0,7977280	0,3812659
20	0,5042791	0,5733603	0,3570530	0,4454243	0,7697349	0,3019841	0,4774844	0,7693851	0,5238844	0,4610704	0,2111487	0,5137414	0,6309595	0,2285444	0,6113375	0,6708324	0,5175211	0,7703579	0,0119941	0,0041449	0,2090031	0,6114937	0,3588753	0,1995836	0,7152431	0,7842432	0,8534333	0,6134755	0,2386869	0,2525933	0,3860802	0,0061398	0,5363854	0,3322751	0,5967566	0,0704955	0,5711467	0,6661544	0,9741493	0,3060196	0,7553346	0,1645935	0,9684351	0,1773495	0,2347437	0,5984433	0,1113546	0,9721393	0,3430834	0,5646316	0,9156901	0,1372865	0,7523490	0,3990094	1,0333697	0,2811198	0,2985321	0,5271048	0,4559149	0,8842329	0,5410246	0,8844507	0,7990561	0,4312039
40	0,4530199	0,5913713	0,3213789	0,4251136	0,8450957	0,1791332	0,4289211	0,7558246	0,4908676	0,4246842	0,1878676	0,5885042	0,6307323	0,2093436	0,6099864	0,5453770	0,5367227	0,7302534	0,0090461	0,0079889	0,2610260	0,7253559	0,5389302	0,1942497	0,7463586	0,8347855	0,8187857	0,6361424	0,2882044	0,2045877	0,3901980	0,0072983	0,5682320	0,3180915	0,6976204	0,1007802	0,5316226	0,6097534	1,0642167	0,3136402	0,7052844	0,1979938	0,9081530	0,1939252	0,1976703	0,6272200	0,1385929	1,0211669	0,3295007	0,6293896	0,9968273	0,1499933	0,7026325	0,4151307	1,0282456	0,2804527	0,2923943	0,5389390	0,3281118	0,9550144	0,5435813	0,9871153	0,9126226	0,4190841
60	0,4435831	0,6191632	0,3043212	0,4519193	0,7732799	0,1120268	0,4287336	0,8051177	0,5144316	0,4221037	0,1727504	0,6451115	0,6609115	0,2086067	0,5627433	0,4855236	0,5037001	0,7444252	0,0027804	0,0080006	0,2022918	0,7780281	0,5576768	0,1609387	0,7090794	0,8409130	0,9675585	0,5991805	0,4097223	0,1677244	0,4000640	0,0042999	0,5197199	0,3041020	0,7925920	0,0981830	0,4736955	0,6134590	1,0625585	0,2456483	0,7564937	0,1870402	0,9887619	0,1880043	0,1392507	0,6037563	0,1769030	1,0247685	0,2838330	0,6013017	0,9632626	0,1806209	0,7047105	0,4392387	0,9627389	0,2701005	0,3476827	0,5274390	0,2517736	0,9917525	0,5620745	0,9154816	0,9675980	0,3953374
80	0,4105358	0,5986464	0,2466051	0,4293369	0,8366859	0,0748386	0,4769163	0,7595652	0,5074182	0,4414576	0,1679434	0,6025193	0,6209949	0,2573399	0,5930902	0,4612679	0,5444712	0,7208129	0,0009483	0,0043956	0,1507402	0,8560828	0,6125194	0,1564738	0,7184824	0,8747246	0,9457098	0,6021780	0,3939386	0,1619508	0,3681591	0,0017045	0,5184223	0,2735865	0,8586297	0,1114834	0,4022822	0,6661457	1,0187857	0,2100933	0,7083885	0,1650408	0,8769861	0,1658232	0,1355748	0,5559882	0,1592628	1,0193396	0,2769132	0,5998668	0,9075400	0,1869763	0,7089947	0,4532547	0,9221169	0,2831006	0,3065407	0,5437961	0,2297235	1,0279168	0,5043306	0,8130702	1,0218229	0,3611904
100	0,4008740	0,5565482	0,3094897	0,3830003	0,8111949	0,0538010	0,5031763	0,7768306	0,4580300	0,3576794	0,1821291	0,5369799	0,6512629	0,2704995	0,5934648	0,4280634	0,5069844	0,6919343	0,0051318	0,0015866	0,1332836	0,8692436	0,6227000	0,1399187	0,6902226	0,8958465	0,9606655	0,5432543	0,3786970	0,1562806	0,3496303	0,0040428	0,4934621	0,2641571	0,9106905	0,1114541	0,3885063	0,6003043	1,0369964	0,1479924	0,7139211	0,1467311	0,8144474	0,1470904	0,1166517	0,5519967	0,1465752	0,9979901	0,2810137	0,6175054	0,9363120	0,2187356	0,7803290	0,4380399	0,8976503	0,2226149	0,3152646	0,5983287	0,2407693	0,9572610	0,4975010	0,9402152	0,9509483	0,4267628
120	0,4234437	0,5372909	0,3211144	0,3714616	0,7468474	0,0543134	0,4957884	0,7659808	0,5400149	0,3368502	0,1835270	0,6004787	0,7178878	0,2838375	0,6207307	0,4455720	0,5618650	0,6187576	0,0047826	0,0057588	0,1061374	0,9426849	0,6332882	0,1189471	0,6851514	0,9161530	0,9721259	0,4580206	0,4171713	0,1301052	0,3944428	0,0029678	0,5143220	0,2550427	0,8718748	0,1128037	0,3553184	0,5539533	0,9188484	0,1071273	0,7048517	0,1155116	0,7255326	0,1853515	0,1074992	0,5186673	0,1341300	0,9790983	0,2902354	0,6660097	0,8950391	0,2069165	0,7709954	0,4331548	0,9481408	0,2597542	0,3167506	0,5953358	0,2241997	0,9936310	0,5002530	0,8929281	0,8491703	0,4001252
140	0,4319751	0,5474520	0,3296662	0,3448052	0,7426945	0,0268368	0,5413308	0,7469813	0,5965088	0,2776670	0,1821459	0,6332262	0,7500639	0,3394502	0,5874298	0,4541100	0,5574344	0,6213319	0,0098203	0,0038501	0,1155707	0,9948894	0,6385977	0,1040284	0,6373102	0,8632946	1,0032268	0,4966512	0,4268818	0,1513968	0,3634796	0,0003807	0,4898067	0,2578399	0,8714375	0,0928466	0,4238109	0,5024740	0,8860173	0,0876324	0,7293541	0,1071787	0,7170008	0,2032462	0,1093399	0,5537220	0,1264239	0,9937587	0,2437171	0,6857914	0,8454977	0,2212456	0,6771463	0,4631201	0,9493614	0,2280672	0,3175413	0,5130218	0,2516940	1,0543389	0,5282355	0,9101275	0,8606590	0,3704756
160	0,4644091	0,5441651	0,3622978	0,3376707	0,7677844	0,0208860	0,4664885	0,7588071	0,5435415	0,2118846	0,2075727	0,6047561	0,6823905	0,3345829	0,5996690	0,4502494	0,6224169	0,6231170	0,0075632	0,0013035	0,1035513	0,9721376	0,6032508	0,0942335	0,6982185	0,8694622	1,0203717	0,4710632	0,4364302	0,1710500	0,3958000	0,0007611	0,4710902	0,2544947	0,8757319	0,0931324	0,4166048	0,5024385	0,7650202	0,0651794	0,7488071	0,0946392	0,7031427	0,2078461	0,1048754	0,4999600	0,1209679	0,9857817	0,2601856	0,6513505	0,8760106	0,2326270	0,7983598	0,5089489	0,9279643	0,2056730	0,3446894	0,5542642	0,2684231	1,0611049	0,4526241	0,8432899	0,8672566	0,4007877
180	0,4490862	0,5623161	0,3746569	0,3524865	0,7759158	0,0246684	0,4950168	0,8138010	0,5729529	0,2051338	0,2124061	0,5830782	0,6739672	0,3029352	0,6429438	0,4320135	0,6135631	0,6003461	0,0066934	0,0044612	0,0928184	1,0147225	0,5832286	0,0835275	0,6549842	0,8537083	1,0508132	0,4699530	0,4501303	0,1545044	0,4517723	0,0001526	0,4770263	0,2554352	0,8480140	0,1170187	0,4338364	0,4921467	0,5697569	0,0621056	0,7557942	0,0899348	0,6625158	0,2219979	0,0860105	0,4575331	0,1264999	0,9400836	0,2693109	0,5943645	0,9532574	0,2308398	0,7964987	0,5044722	0,9245608	0,2240546	0,3657964	0,5298360	0,2477045	1,0291997	0,4390413	0,9096394	0,9976190	0,4492776
200	0,4482652	0,5757189	0,3876914	0,2919273	0,8057273	0,0296403	0,5145850	0,8052656	0,5597153	0,2065041	0,2096637	0,5623994	0,6394743	0,2905197	0,5939243	0,4741816	0,6364121	0,5911406	0,0135144	0,0032240	0,0799439	1,0098276	0,6024500	0,0790005	0,6166387	0,8796404	1,0165237	0,4698045	0,4354299	0,1490567	0,4436220	0,0028619	0,4624101	0,2312780	0,8842057	0,1123790	0,3837377	0,5656270	0,4104856	0,0536396	0,7479958	0,0769372	0,6923141	0,1801940	0,0945249	0,4513236	0,1419324	1,0317815	0,3102188	0,5884681	0,8972533	0,2344665	0,7359193	0,4293233	0,8607067	0,1641989	0,3357377	0,5161352	0,2250692	0,9851369	0,3969250	0,8773817	1,1296995	0,4477390
220	0,4110040	0,5277834	0,3720891	0,3317277	0,7843935	0,0271569	0,4968592	0,8196849	0,5188764	0,1916072	0,2295271	0,5714725	0,6786504	0,2841176	0,5736583	0,4780565	0,6399047	0,5298196	0,0082759	0,0045298	0,0695769	0,9357774	0,5634121	0,0834463	0,6705320	0,9143711	0,9712967	0,4637623	0,4638747	0,1150041	0,3955504	0,0013402	0,4717161	0,2079677	0,9161587	0,1206752	0,3722883	0,5709582	0,2732874	0,0565377	0,7938982	0,0575193	0,6294993	0,1947076	0,0770142	0,4869948	0,1068191	0,9991295	0,3450140	0,5573412	0,9871874	0,2201984	0,6681048	0,4400350	0,7900805	0,1409236	0,2814727	0,5004133	0,2102740	0,9206799	0,4077733	0,8882942	1,0822073	0,4139788
240	0,4664298	0,5318616	0,3759526	0,2877357	0,8071657	0,0253933	0,4847762	0,8261330	0,5283545	0,2067372	0,2209289	0,5808433	0,6677425	0,2813758	0,5876223	0,4355226	0,6615164	0,5347019	0,0081617	0,0051649	0,0684018	0,9463810	0,5873258	0,0745572	0,7011116	0,9277255	0,9770831	0,4709515	0,4264579	0,1019889	0,3935764	0,0044150	0,4362255	0,2326801	0,8861707	0,1195686	0,3769041	0,5273796	0,2040187	0,0542047	0,7861856	0,0644961	0,6199580	0,1919560	0,0788991	0,5239496	0,1060181	0,9424848	0,3747567	0,5474800	0,9981330	0,2196346	0,6918571	0,4577426	0,8170591	0,1394230	0,2697897	0,5283689	0,2586330	1,0126529	0,3716315	0,8942185	1,0677765	0,4128570
260	0,4748051	0,4991264	0,3533670	0,3425395	0,9093259	0,0183194	0,4381865	0,8488076	0,5215570	0,2103409	0,2427886	0,5810482	0,7079951	0,3009836	0,5874465	0,4132008	0,5893184	0,4845102	0,0148025	0,0028841	0,0599118	0,9199795	0,6206736	0,0647750	0,6433128	0,9199687	0,9906479	0,4776116	0,3991527	0,1046642	0,3842552	0,0009270	0,3906300	0,2120420	0,8752690	0,1261583	0,4125793	0,5199961	0,1716272	0,0496229	0,7490428	0,0794925	0,5503167	0,1943070	0,0648285	0,5329917	0,1227890	1,0305370	0,3751288	0,6157232	0,9596109	0,2552908	0,7226019	0,4883782	0,8219864	0,1289224	0,2989228	0,5689605	0,2303155	0,9150863	0,3812805	0,9450987	0,9887704	0,3991652
280	0,4759439	0,4502707	0,3898638	0,3108823	0,8434959	0,0197427	0,4465637	0,7976821	0,6187765	0,2377270	0,2303339	0,5980051	0,7537553	0,2841160	0,5533553	0,4641821	0,7170682	0,4448729	0,0130004	0,0001500	0,0861115	0,9669368	0,6496384	0,0844523	0,6686267	0,9359558	1,0752881	0,4778558	0,3763813	0,1198846	0,4278265	0,0018862	0,4122453	0,1952952	0,8920253	0,1355715	0,4115340	0,5551392	0,1505166	0,0674389	0,7838511	0,0903533	0,6070934	0,2008870	0,0743102	0,5696213	0,1386810	0,9721343	0,4282123	0,6007851	0,9909380	0,2982036	0,6740968	0,4961250	0,8146199	0,1564383	0,2672765	0,5200125	0,1956546	0,9845306	0,3939439	0,9916613	0,9710955	0,4774111
300	0,4722262	0,4588398	0,3914148	0,3476478	0,8588253	0,0184278	0,5106287	0,8542533	0,5988872	0,2226815	0,2437501	0,5760709	0,7542485	0,2854872	0,5720597	0,4863908	0,6289792	0,4526290	0,0087225	0,0007259	0,0938919	1,0074487	0,6997496	0,0712470	0,6672618	0,9764700	1,0673006	0,4615544	0,3941272	0,1459310	0,4285019	0,0002130	0,4437004	0,1995072	0,8938236	0,1304238	0,3970439	0,5659252	0,1162712	0,0599196	0,7522987	0,0950618	0,6221454	0,1942756	0,0590185	0,6210052	0,1576284	0,9938968	0,3754926	0,6304220	0,9023524	0,2605990	0,7589962	0,4854084	0,7732826	0,1389014	0,2804037	0,5501036	0,1880885	1,0139334	0,4079888	0,9898030	0,9924438	0,4644946
320	0,5167914	0,5449205	0,4257734	0,2817854	0,8910277	0,0234471	0,5670367	0,8020922	0,5813735	0,1914189	0,2498034	0,5808866	0,6854218	0,2928798	0,5394035	0,4653132	0,6381536	0,4022016	0,0049279	0,0012359	0,0832967	0,9878520	0,7187756	0,0612002	0,6526991	0,8833555	1,0305090	0,4661126	0,4397756	0,1468778	0,3874928	0,0025858	0,4383463	0,2201052	0,9338471	0,1295797	0,3919096	0,5813510	0,1040732	0,0599252	0,7118304	0,0844499	0,6614897	0,1913403	0,0600247	0,5742040	0,1874889	1,0020087	0,3836482	0,6108215	0,9315262	0,2419219	0,7456504	0,5571502	0,7490274	0,1120700	0,2746331	0,4834739	0,1782408	0,9601829	0,3590412	0,9658881	1,0180934	0,4507450
340	0,5328370	0,5657075	0,3800327	0,3107542	0,8546528	0,0152092	0,5386944	0,8714707	0,5588355	0,1695210	0,2480200	0,5855758	0,6658155	0,3228862	0,5561420	0,4586405	0,5889435	0,4360563	0,0163563	0,0035016	0,1075315	0,9991857	0,7442841	0,0589364	0,7277124	0,8446896	1,0322134	0,5011790	0,4457226	0,1238360	0,3876356	0,0000654	0,4523314	0,2459012	0,9011499	0,1301608	0,4114792	0,6177979	0,0889852	0,0706937	0,6996710	0,0849063	0,6161879	0,2024752	0,0543071	0,5756671	0,1344415	1,0807417	0,3878102	0,6763360	0,9078017	0,2377043	0,7425485	0,5527324	0,7738425	0,0959291	0,2755627	0,5094418	0,1936490	0,9677675	0,3342922	0,9063140	0,9183054	0,4252029
360	0,5596901	0,5070906	0,3501889	0,3754855	0,8428402	0,0098337	0,4763584	0,8552688	0,5703233	0,1705445	0,2531260	0,5743181	0,6724426	0,3104187	0,5759285	0,4769176	0,5858454	0,3831568	0,0080792	0,0001828	0,0969485	1,0061700	0,6350214	0,0547988	0,6738059	0,9253754	0,9774776	0,5099670	0,3592233	0,1604649	0,3541519	0,0018927	0,4342778	0,2447598	0,9177356	0,1145913	0,4491201	0,6354127	0,0619608	0,0783993	0,7227561	0,0798463	0,5781885	0,1832283	0,0434598	0,6013337	0,1454583	0,9753151	0,3787724	0,6662148	0,9143322	0,2743536	0,7070923	0,5314106	0,7569293	0,0933901	0,2437040	0,5507426	0,2226564	1,0443609	0,2818855	0,9449110	0,9791807	0,3945973
380	0,4920923	0,5308506	0,3367276	0,3709364	0,8451785	0,0122741	0,4222076	0,8895370	0,5851833	0,1782767	0,2839427	0,5675815	0,7004968	0,2766591	0,6520221	0,4844507	0,6344950	0,3910951	0,0125177	0,0017436	0,0995169	1,0588052	0,6539934	0,0440016	0,6165549	0,9084567	1,0004205	0,5509697	0,3737642	0,1569999	0,4289781	0,0039224	0,4227398	0,2451393	0,8374183	0,1204131	0,4019722	0,6475467	0,0790775	0,0697229	0,7499271	0,0769265	0,5557745	0,2164828	0,0407325	0,6119972	0,1509019	1,0186821	0,3701122	0,6366806	0,8569035	0,2867761	0,7412920	0,5356359	0,7439888	0,1034078	0,2824034	0,5521484	0,2413437	0,9866138	0,2823952	0,9416367	0,9226695	0,4297919
400	0,4898525	0,5228377	0,3594967	0,3869424	0,7943843	0,0423947	0,4287885	0,7758245	0,5601263	0,2057496	0,2435683	0,5926300	0,6076928	0,2715010	0,6623956	0,4546463	0,6218555	0,4154661	0,0120921	0,0017674	0,0934555	1,0098250	0,6213303	0,0525597	0,5716555	0,9386083	1,0176853	0,5010368	0,4023403	0,1763485	0,4473699	0,0036011	0,4355135	0,2045293	0,8958556	0,1297687	0,4274037	0,6122168	0,0652341	0,0779543	0,7200565	0,0803805	0,5770986	0,1813566	0,0374518	0,6209783	0,1194526	1,0126322	0,3998590	0,6303787	0,8529277	0,2964254	0,8125894	0,5430894	0,7335256	0,0993599	0,3067053	0,5552962	0,2485954	1,0314661	0,2841923	0,9593282	1,0462559	0,4142821
420	0,4481870	0,5573825	0,3437832	0,3565129	0,7457003	0,0347931	0,4590600	0,7768468	0,5509416	0,2148474	0,2514298	0,5712123	0,6394131	0,2587397	0,6092546	0,4395620	0,6214090	0,4302470	0,0042266	0,0027338	0,0972200	0,9655817	0,6495854	0,0436023	0,5809528	0,9692736	1,0464274	0,4974346	0,4165105	0,1803509	0,3764871	0,0038186	0,4844541	0,2269711	0,8971248	0,1233606	0,4317286	0,5897174	0,0824215	0,0874169	0,6827085	0,0940332	0,6167182	0,2322204	0,0414681	0,6259799	0,1639434	1,0093973	0,3829071	0,6523743	0,9097482	0,2388809	0,7404596	0,5537035	0,7125411	0,0816635	0,2610579	0,6128012	0,2393399	1,0327191	0,3084908	0,9188460	0,9242533	0,4217729
440	0,4436638	0,5261795	0,3515350	0,3749962	0,7777031	0,0288371	0,4587037	0,7800965	0,4805733	0,2069441	0,2426694	0,4831964	0,6967441	0,2496666	0,5905052	0,4339344	0,6397614	0,3994199	0,0014892	0,0014119	0,1021623	0,9819352	0,6477971	0,0545435	0,5756434	1,0117938	1,0322153	0,5657500	0,4124964	0,1425694	0,3771007	0,0026894	0,4541527	0,2373037	0,9772485	0,1157498	0,4166207	0,5939276	0,0671424	0,0697360	0,7429089	0,0851736	0,6283089	0,1857120	0,0482117	0,5867562	0,1255892	1,0386970	0,3527666	0,6796707	0,9388673	0,2423223	0,7666655	0,4819863	0,6758426	0,0886914	0,2863904	0,5181533	0,2348087	1,0111217	0,2690086	0,8967405	0,9412263	0,4472051
460	0,4449750	0,5460012	0,2900601	0,3502817	0,7853671	0,0319355	0,4350977	0,7599982	0,4760090	0,2342196	0,2131327	0,5167881	0,7435377	0,2436904	0,6126381	0,4345427	0,5873151	0,3852146	0,0042912	0,0057164	0,0939288	0,9805941	0,6681094	0,0440133	0,5862499	0,9976247	0,9646685	0,4976770	0,4681164	0,1337713	0,3953878	0,0047388	0,4425010	0,2233543	0,9239013	0,1051499	0,3665021	0,6167824	0,0653717	0,0447649	0,7497852	0,1049938	0,5721612	0,1683697	0,0485449	0,5359280	0,1438757	0,9462538	0,3721957	0,6325207	0,9182635	0,2824599	0,7410988	0,4171927	0,6559583	0,0899542	0,2613436	0,5066929	0,2045370	0,9779263	0,2871561	0,8842130	0,9684927	0,4474401
480	0,4707702	0,6068785	0,3048731	0,3659854	0,7451619	0,0431780	0,4125082	0,7661983	0,4807373	0,3093085	0,1919817	0,5457073	0,7212577	0,2764566	0,6357212	0,4098794	0,6488519	0,4947191	0,0061645	0,0064720	0,1088481	0,9743563	0,6605464	0,0430615	0,6063299	0,9832950	0,8744837	0,4475576	0,4606502	0,1298191	0,3384073	0,0044451	0,4711687	0,2296192	0,9009788	0,0840502	0,3391623	0,5769243	0,0678473	0,0451424	0,6959482	0,0933298	0,5672524	0,1575543	0,0525281	0,5456246	0,1169577	1,0152872	0,3149914	0,6042836	0,9617948	0,2794314	0,7063452	0,3942460	0,6523109	0,0785767	0,2754442	0,5446763	0,2206393	0,9584415	0,2845632	0,7823514	0,9476378	0,3820869
500	0,4264768	0,6114290	0,2874378	0,3603158	0,7507260	0,0460830	0,4720099	0,7831069	0,4806939	0,3330613	0,1999802	0,5131373	0,7629126	0,2635708	0,6370508	0,4594570	0,6629274	0,5063075	0,0078164	0,0020125	0,1189221	0,9884928	0,7226605	0,0656067	0,6587482	0,9452769	0,9698013	0,4768045	0,4862193	0,1302454	0,3335777	0,0044949	0,4616405	0,2127247	0,8989823	0,0844480	0,3578306	0,6042328	0,0598740	0,0599454	0,7398806	0,0928851	0,5685695	0,1288493	0,0519070	0,5375132	0,0838728	0,9706213	0,3096501	0,6288880	0,9117004	0,2678599	0,7292950	0,3545990	0,7003860	0,0816101	0,2889262	0,5819616	0,2567536	0,9662334	0,2737104	0,7603992	0,8858455	0,4005310
520	0,4170532	0,6183577	0,3218130	0,3323903	0,7880058	0,0382203	0,4442913	0,7373721	0,5088504	0,3650810	0,1976157	0,4852282	0,7417658	0,2592943	0,6073738	0,4101682	0,5829139	0,4517595	0,0022584	0,0002293	0,1305462	0,9857573	0,7115338	0,0744416	0,6798704	0,9152838	0,9712774	0,4304023	0,4441214	0,1334771	0,3247119	0,0051859	0,4625246	0,2621725	0,8674253	0,0891778	0,3771816	0,5952826	0,0693840	0,0507042	0,6901961	0,0992198	0,5796564	0,1105955	0,0492792	0,5003117	0,0870489	1,0236583	0,3282798	0,5951683	0,9280070	0,2575733	0,6743178	0,3698628	0,7396863	0,0896044	0,2897046	0,5600797	0,2389713	0,8766500	0,2712860	0,8594531	0,8431167	0,4159920
540	0,4111978	0,6224754	0,3499025	0,3465829	0,8167626	0,0491922	0,4627797	0,7290578	0,5473168	0,3953889	0,1714139	0,5499518	0,6649352	0,2832629	0,5997459	0,4919286	0,6491041	0,4693766	0,0067696	0,0013091	0,1220044	1,0401866	0,7042918	0,0809953	0,7074419	0,9161034	1,0439407	0,4582069	0,4004992	0,1457534	0,3376556	0,0008301	0,4286853	0,2416703	0,8861279	0,1029003	0,3482795	0,6362453	0,0722354	0,0701394	0,6856005	0,1067022	0,5901146	0,1233056	0,0598979	0,5050047	0,1186258	0,9971393	0,3257676	0,5816044	0,9522010	0,2960283	0,6646897	0,3533985	0,7418068	0,1186514	0,3070662	0,6043483	0,2251246	0,9462303	0,3008806	0,9039136	0,8735675	0,3966675
560	0,3818837	0,6596809	0,3666623	0,4419814	0,8487994	0,0514873	0,5239317	0,6950411	0,5735026	0,4563790	0,1767233	0,5685892	0,6801929	0,2947459	0,5807533	0,4622812	0,6895391	0,4539707	0,0102277	0,0040271	0,0897793	1,0152564	0,6633899	0,0619649	0,6411511	0,9445241	1,0002726	0,4850585	0,4279050	0,1228952	0,3433722	0,0000000	0,4935410	0,2214940	0,9596114	0,1258885	0,3663632	0,6823207	0,0654582	0,0723610	0,6998960	0,1179654	0,6217147	0,1113495	0,0550372	0,5232255	0,1130997	0,9868325	0,3517903	0,5444278	0,8947145	0,2873008	0,7630745	0,3748466	0,8057167	0,0862269	0,2750334	0,5634958	0,2576244	0,8776577	0,2979664	0,8924668	0,9136990	0,3641215
580	0,4538163	0,6592868	0,5137265	0,4216243	0,7665925	0,3396768	0,5224648	0,6803358	0,5399198	0,4618342	0,1730786	0,5150190	0,6281301	0,3099333	0,7250466	0,6117595	0,6627879	0,5364334	0,0058032	0,0039532	0,0896432	0,8127870	0,3939588	0,0727570	0,6544373	0,8647404	0,9769036	0,3111376	0,2366711	0,0897974	0,3246788	0,0009406	0,4624615	0,2496711	0,7715144	0,0791069	0,4078705	0,5799579	0,1060351	0,0569090	0,7438404	0,1055736	0,5863178	0,1092098	0,0627562	0,4763398	0,0768518	0,9726836	0,4597421	0,4797602	0,9147033	0,3329717	0,7446817	0,3805673	0,7925231	0,1049135	0,2510130	0,5592712	0,4756285	0,9121260	0,2390041	0,9228480	0,8998858	0,3461307
600	0,4571460	0,6900903	0,4752123	0,4543124	0,7916453	0,4705900	0,5033028	0,7687898	0,5126556	0,4800714	0,1636156	0,5429465	0,5765492	0,3146380	0,7644868	0,7203372	0,6553394	0,5678061	0,0099977	0,0039944	0,0773157	0,7178859	0,2377146	0,0770471	0,6329011	0,7526780	0,9884451	0,2160284	0,1687371	0,1161424	0,3262458	0,0055626	0,4746991	0,2765129	0,6309827	0,0684637	0,3870477	0,5544516	0,3011945	0,0858840	0,7274500	0,0888482	0,6591045	0,1114980	0,0787193	0,4934012	0,0681080	0,9827715	0,5027570	0,3976397	0,9063477	0,2874857	0,7422417	0,3553748	0,7979915	0,0975327	0,2624637	0,5427895	0,6160316	0,9907078	0,2319389	0,8855041	0,9008531	0,3640301
620	0,5382999	0,6334569	0,4502596	0,4324275	0,7771588	0,5876533	0,4406020	0,7266488	0,4645083	0,5735810	0,1729034	0,5608819	0,6574188	0,2784240	0,7714783	0,7752925	0,6896590	0,6200987	0,0113481	0,0094797	0,1088554	0,5944191	0,1465862	0,0878510	0,7006545	0,7024732	0,9588567	0,1629283	0,1501006	0,1111652	0,3643600	0,0068506	0,4578738	0,2723973	0,5355902	0,0557035	0,4105011	0,5536101	0,5804988	0,1106881	0,7404369	0,0919074	0,6545949	0,1735778	0,0813934	0,5397944	0,0638383	0,9976777	0,4945600	0,4434802	0,9381263	0,2523621	0,7280082	0,3504312	0,8260863	0,1126396	0,2407467	0,5284957	0,5710768	0,9682303	0,2194228	0,8309966	0,9425521	0,3600472
640	0,5358244	0,6052015	0,4807255	0,4725832	0,7360303	0,6373572	0,4183344	0,7516781	0,4919213	0,5568915	0,1697495	0,5183242	0,5979518	0,2800832	0,7563113	0,8207960	0,6001445	0,6876624	0,0072143	0,0068265	0,1388729	0,5046029	0,0935972	0,1004942	0,7247286	0,7395724	0,9885181	0,1570775	0,1071725	0,1390702	0,3699420	0,0049713	0,5213880	0,3085773	0,4841417	0,0664427	0,3725328	0,5873347	0,7387807	0,1310882	0,7844694	0,0982457	0,7745793	0,1783644	0,0960004	0,5416571	0,0908881	1,0087055	0,4508810	0,5040415	1,0161146	0,2412632	0,7911740	0,3389989	0,8455024	0,1444550	0,2437578	0,5873751	0,6300540	0,9720659	0,2217064	0,8317266	0,9440540	0,3877235
660	0,5738945	0,5955171	0,4967381	0,4617414	0,6794964	0,6695662	0,4151028	0,8183664	0,5190279	0,4812824	0,1916032	0,5471555	0,5780485	0,2564582	0,7176996	0,8437457	0,5896169	0,7109725	0,0057737	0,0052154	0,1438426	0,5055577	0,1129966	0,0876659	0,7158340	0,7816078	0,9388588	0,1961981	0,1065330	0,1445430	0,3553482	0,0026048	0,4935780	0,3108349	0,4674705	0,0591436	0,4270418	0,6396673	0,7894884	0,1430532	0,6972524	0,1129957	0,7486680	0,1749905	0,1207312	0,5322341	0,0713714	0,9770377	0,3701280	0,4965739	1,0005272	0,2130743	0,7653620	0,3233755	0,8165687	0,1417870	0,2415571	0,6369529	0,6198745	1,0020655	0,2551819	0,7921980	0,9717803	0,4224042
680	0,6137405	0,6271451	0,5313211	0,3791175	0,7242374	0,6071265	0,4545700	0,7631375	0,5223943	0,3996259	0,1927030	0,5935255	0,5592511	0,2676054	0,7022376	0,7931347	0,6134758	0,7888556	0,0055476	0,0033262	0,1299422	0,4383965	0,0849497	0,1207836	0,7301429	0,7579390	0,9271375	0,1942874	0,0876245	0,1698637	0,3217546	0,0000000	0,5092523	0,2877369	0,4083618	0,0358424	0,4698083	0,6741823	0,8723539	0,2034242	0,6756685	0,1196062	0,7875308	0,1517563	0,1262072	0,4853719	0,0813213	1,0296685	0,3826589	0,5227724	0,9244017	0,2164436	0,6979839	0,3056297	0,7351733	0,1777700	0,2252138	0,5511328	0,6339964	1,0385551	0,3074290	0,7954033	0,8920269	0,3443204
700	0,6201798	0,6267391	0,5599638	0,3675231	0,7261405	0,6164996	0,4956859	0,7762503	0,5198594	0,3566382	0,1777657	0,5886271	0,6123970	0,2787963	0,7161096	0,8925413	0,6221335	0,8162155	0,0036584	0,0058293	0,1182695	0,3874168	0,0822354	0,1439177	0,7043862	0,7831615	0,8689258	0,2638156	0,0867987	0,1920050	0,3672475	0,0005743	0,5531337	0,3105726	0,3968945	0,0442459	0,5157297	0,6268459	0,9201984	0,2044133	0,7519311	0,1475288	0,8793904	0,1447106	0,1337745	0,5174232	0,0834798	1,0307368	0,3627876	0,5684226	0,8958764	0,2015269	0,6867400	0,3190934	0,8164458	0,2446946	0,2211811	0,5683255	0,6511900	1,0294068	0,3667545	0,7942190	0,8376810	0,3586548
720	0,6002073	0,6276798	0,5088390	0,3752205	0,7376703	0,6955394	0,4707021	0,7631755	0,4766523	0,3496689	0,1966165	0,5485089	0,5704713	0,2498511	0,7791668	0,8580822	0,6411269	0,7522800	0,0074950	0,0041924	0,1413016	0,3743575	0,0805007	0,1402281	0,6954506	0,7589059	0,9100513	0,3348532	0,0766917	0,2304643	0,4109334	0,0002711	0,5668204	0,3264212	0,3806374	0,0295031	0,5381159	0,6340030	0,9443172	0,2166956	0,7462173	0,1485799	0,9829569	0,0965388	0,1446035	0,5200810	0,0769716	1,0277234	0,3359914	0,5379016	0,9145379	0,1890793	0,7189150	0,3745038	0,8375678	0,2719513	0,2427238	0,4924278	0,6355303	1,0949573	0,4201343	0,8303427	0,8487941	0,3954082
740	0,5492755	0,6299171	0,4969735	0,4223085	0,8049045	0,7695699	0,4368796	0,7142877	0,5120997	0,3901473	0,2153184	0,5641578	0,5909782	0,2765019	0,7268693	0,7960616	0,6065521	0,8239149	0,0059269	0,0027568	0,1426107	0,3327666	0,0818089	0,1359962	0,7154103	0,7107637	0,8964940	0,3597837	0,0777567	0,2247687	0,4408850	0,0003610	0,5780161	0,3820934	0,3548717	0,0219275	0,5041520	0,5994618	0,9912777	0,2582780	0,7175480	0,1392211	0,9324651	0,1469343	0,1876696	0,5526658	0,0877663	1,1004944	0,3978027	0,5291042	0,9208968	0,1790044	0,7233867	0,3301138	0,8345769	0,2736842	0,2400436	0,4807454	0,6503743	0,9874246	0,4140076	0,8615753	0,8728985	0,4108122
760	0,5691875	0,6161645	0,5857442	0,4281504	0,8248179	0,7108140	0,3802801	0,7185568	0,5149213	0,4363067	0,2386460	0,5472916	0,5842383	0,2772815	0,6795281	0,7740693	0,6497444	0,8109293	0,0047031	0,0134665	0,1689208	0,3446039	0,0867390	0,1504091	0,7278687	0,7177327	0,8870201	0,3934094	0,0856870	0,3067203	0,4088109	0,0021427	0,6013681	0,4171036	0,3512917	0,0296392	0,5279997	0,6234314	1,0138575	0,2504540	0,7145158	0,1495933	0,8925450	0,1638227	0,1913720	0,5205797	0,1134026	1,0319375	0,4132652	0,5381314	0,9003956	0,1668128	0,7591327	0,2972431	0,9147684	0,2791091	0,2297379	0,4873097	0,5805784	0,9475020	0,4297521	0,7986937	0,8209475	0,3813172
780	0,6185666	0,5682664	0,5515207	0,4133706	0,8072956	0,7222674	0,3902916	0,7815896	0,5172924	0,4095036	0,2416068	0,5395193	0,5985912	0,2778500	0,7000504	0,8233671	0,6140178	0,7889150	0,0050104	0,0050699	0,1976684	0,2992688	0,0796054	0,1385437	0,7342309	0,7560910	0,9284135	0,3857923	0,0925800	0,3014381	0,4152469	0,0013514	0,6013157	0,3866999	0,3446100	0,0288235	0,5908902	0,6411566	0,9745350	0,2814135	0,7361577	0,1567556	0,8937283	0,2027800	0,1647505	0,5271340	0,1359427	1,0324491	0,3991370	0,5087215	0,8623962	0,1614371	0,8005547	0,2487800	0,8757693	0,2943254	0,2196368	0,5121954	0,5723704	0,9324765	0,4452273	0,7803340	0,7978651	0,3713440
800	0,6009189	0,5581964	0,5543560	0,4136388	0,7706689	0,7542541	0,3884288	0,7061812	0,5131917	0,4153433	0,2233882	0,5830279	0,6130802	0,2930487	0,6926426	0,8195199	0,5711161	0,8161818	0,0059884	0,0010437	0,2009806	0,3503852	0,0766896	0,1386834	0,6839531	0,7318875	0,9201153	0,4001610	0,0922855	0,2996020	0,4258178	0,0033967	0,6071392	0,4139650	0,3832525	0,0269081	0,5486647	0,6523157	1,0044238	0,3226075	0,8254294	0,1812744	0,8721691	0,2055087	0,1838336	0,5394659	0,1468707	1,0203864	0,4205525	0,5653836	0,8936899	0,1591709	0,7856165	0,2440632	0,8783883	0,2832421	0,2217894	0,4821356	0,5606307	0,9956205	0,4536344	0,8181888	0,6836406	0,3906152
820	0,6197946	0,5797722	0,5647175	0,3662309	0,7548218	0,6975245	0,4295386	0,7228080	0,4837805	0,3890716	0,2313441	0,5919240	0,6458052	0,2666824	0,7049927	0,7760795	0,6362684	0,8077936	0,0049832	0,0036220	0,2330640	0,3518315	0,0530469	0,1540769	0,6944551	0,7355647	0,9986925	0,3748648	0,0895166	0,3105797	0,4412861	0,0058345	0,5920961	0,3883847	0,3550110	0,0229830	0,5786382	0,6939998	1,0239243	0,3373608	0,7659875	0,1868276	0,9398310	0,1988404	0,1700867	0,5036093	0,1246930	1,0102334	0,4300530	0,5670916	0,9180862	0,1798567	0,7491896	0,2317931	0,9043730	0,3156289	0,2134975	0,5082810	0,5935832	0,9733957	0,4346505	0,8163163	0,7787741	0,4367437
840	0,5926044	0,5962313	0,5334942	0,4635158	0,7250685	0,7009991	0,4169673	0,7730351	0,5311541	0,4282449	0,2100536	0,5900771	0,6680883	0,2864647	0,7723179	0,7825626	0,6470002	0,7338885	0,0090514	0,0026066	0,2116561	0,3632552	0,0540384	0,1462159	0,6943893	0,7332107	0,9441198	0,4489134	0,0781414	0,3957291	0,4472351	0,0083171	0,5481657	0,4175796	0,3383351	0,0205005	0,5648908	0,7375599	0,9750921	0,3255900	0,8041295	0,1805663	0,9712459	0,1933910	0,1489580	0,4781155	0,1540685	1,0247100	0,4474298	0,5878009	0,9416672	0,1705945	0,7962147	0,2344112	0,9732384	0,3292899	0,2432941	0,4820142	0,5659900	0,9584538	0,4476785	0,8740705	0,8097547	0,3808849
860	0,5249856	0,6031992	0,5022196	0,4964414	0,7343765	0,6152113	0,4145120	0,7960590	0,4901539	0,4428533	0,1942501	0,5759874	0,6823623	0,2952240	0,6834315	0,7615591	0,6065971	0,7193503	0,0084930	0,0110307	0,2052592	0,3713404	0,0741538	0,1464401	0,7009902	0,7678174	0,9373551	0,4743058	0,0793403	0,3496596	0,4560791	0,0081019	0,5796439	0,3985197	0,3355892	0,0221566	0,5032430	0,6816566	0,9519051	0,3980516	0,7956511	0,1908602	0,9360185	0,2134511	0,1507482	0,4947241	0,1167347	1,0524311	0,4279581	0,6453617	0,8836252	0,1832518	0,7190226	0,2481039	0,9766767	0,3061003	0,2383808	0,5233075	0,5525268	0,9792016	0,4740910	0,8556262	0,8408752	0,4352069
880	0,5859552	0,5901587	0,4499042	0,4994796	0,7676357	0,6549911	0,4647663	0,7291894	0,5032965	0,4490569	0,1745941	0,5951122	0,6344878	0,2796530	0,7189787	0,7244562	0,6350568	0,6901439	0,0025430	0,0058476	0,2410393	0,3472153	0,0671949	0,1359693	0,7381023	0,6846864	0,9903897	0,4659302	0,0837251	0,2945475	0,4231405	0,0059985	0,6563618	0,3815493	0,3713657	0,0238767	0,5344707	0,7136878	0,9384645	0,3665646	0,7294173	0,1520483	0,9685661	0,2090292	0,1565819	0,4827227	0,1193856	0,9943478	0,3932444	0,6908794	0,8244756	0,2222604	0,7543885	0,2880803	0,9813165	0,3144982	0,2816863	0,5038481	0,5615106	1,0500005	0,5178539	0,8558432	0,7648344	0,3890394
900	0,5916825	0,5828196	0,4736381	0,4756011	0,7956018	0,6566247	0,4830448	0,6943093	0,4835627	0,4765200	0,1686919	0,5741711	0,6062590	0,2653055	0,7307270	0,7682978	0,6377865	0,6881041	0,0023248	0,0020950	0,2317220	0,3454134	0,0701613	0,1376874	0,7717080	0,7393815	0,9723910	0,4570664	0,0799593	0,3078741	0,3702665	0,0032731	0,6318134	0,3453114	0,3716650	0,0373476	0,5946284	0,7053765	1,0035177	0,2934984	0,7688905	0,1550767	0,9894882	0,2161689	0,1449704	0,5135039	0,1074183	1,0971807	0,3467013	0,7112316	0,8275187	0,1993935	0,7421323	0,2972420	0,9859573	0,3044893	0,2920448	0,5125399	0,5504724	1,0071050	0,4751080	0,8329465	0,6645775	0,3882982
920	0,5971373	0,5544044	0,4849469	0,4404106	0,8115479	0,6242675	0,4351317	0,7194470	0,5058603	0,4980582	0,1795438	0,5907983	0,6070583	0,2865301	0,7795189	0,7616382	0,6244113	0,7357587	0,0057655	0,0036235	0,2249430	0,3377353	0,0679650	0,1307041	0,7803663	0,7274190	0,9653184	0,4782681	0,0858297	0,2660231	0,3629717	0,0037766	0,5869893	0,3259351	0,3634811	0,0393419	0,5104859	0,7329657	1,0167799	0,3086811	0,7647419	0,1713788	0,9825466	0,1832311	0,1439956	0,5472262	0,0943677	1,0730616	0,3722146	0,6490302	0,8969313	0,1987827	0,7227215	0,3167333	0,9517902	0,2701639	0,2861396	0,4638448	0,5897128	1,0324831	0,4582980	0,9068164	0,6682136	0,3393449
940	0,6416273	0,5524543	0,5203200	0,4454886	0,8322588	0,6308822	0,4548357	0,7532828	0,5397167	0,4395254	0,2025392	0,5949685	0,6168249	0,2894302	0,7034975	0,8008925	0,6828952	0,7369717	0,0087735	0,0000000	0,2181345	0,3690143	0,0761915	0,1430023	0,7713276	0,7488141	0,9925961	0,4917622	0,0800081	0,2461533	0,3917111	0,0044816	0,5435774	0,3409960	0,3661831	0,0469716	0,5692946	0,7000270	0,9916362	0,2951454	0,7845193	0,1706377	1,0103807	0,1874212	0,1377016	0,5106595	0,0911734	1,0791140	0,3660754	0,6235769	0,8983702	0,2150231	0,8082403	0,3298241	0,9622602	0,2414321	0,2952051	0,4891153	0,6342813	0,9656851	0,4865955	0,9143170	0,7207563	0,3752538
960	0,6324781	0,5735814	0,5442871	0,4145901	0,8088160	0,6611879	0,4673907	0,7065540	0,5179889	0,4093163	0,2212181	0,5737891	0,5899273	0,3175784	0,7266911	0,7816487	0,6674929	0,7734030	0,0057596	0,0052506	0,1978103	0,3626143	0,0636754	0,1435018	0,7275137	0,7697673	0,9786593	0,4760800	0,0741378	0,2489689	0,4054707	0,0031875	0,6063064	0,3486961	0,3674188	0,0321560	0,5117298	0,7463674	0,9092017	0,3453296	0,7787865	0,1767360	1,0402370	0,2319330	0,1553325	0,5473886	0,0851999	1,0482176	0,3931001	0,6530703	0,9289944	0,2184370	0,8025325	0,3379924	0,8797701	0,2381907	0,2363791	0,4939798	0,5916719	0,9399138	0,4728862	0,8612343	0,7485733	0,4178656
980	0,6449702	0,5270683	0,4890571	0,3745070	0,8073151	0,6384236	0,4249107	0,7618494	0,5072749	0,3767948	0,2306229	0,5469361	0,5798482	0,2711157	0,7506644	0,7586575	0,5830125	0,6953280	0,0037066	0,0094151	0,2078563	0,3492250	0,0504286	0,1642965	0,7508680	0,7700900	1,0017674	0,4860470	0,0875010	0,2593070	0,4056579	0,0022505	0,5719903	0,3401873	0,3563771	0,0328182	0,5442943	0,6989484	0,9833320	0,3560363	0,7954413	0,1683696	0,9914173	0,2023791	0,1412482	0,5549148	0,0973785	1,0596866	0,3716767	0,5952364	0,8841714	0,2349528	0,7683248	0,3510404	0,9105388	0,2326321	0,2486789	0,5096272	0,5752565	0,9701317	0,4693020	0,8498395	0,7757330	0,4450243
1000	0,6476642	0,5947110	0,5550161	0,4070991	0,7431854	0,6133049	0,4071291	0,7858111	0,5688433	0,3702899	0,2246940	0,4874495	0,6202147	0,2699626	0,7542220	0,7476012	0,5668655	0,7039611	0,0070915	0,0031442	0,2046051	0,3325645	0,0633222	0,1470828	0,7367176	0,7483461	1,0039523	0,4831846	0,0851804	0,2903195	0,3974051	0,0028715	0,5355557	0,3408663	0,3668291	0,0300745	0,4727885	0,7516719	1,0558719	0,3395958	0,7957006	0,1899673	0,9363368	0,2113223	0,1322697	0,5416058	0,1002188	0,9900171	0,3584859	0,5690823	0,9429956	0,2241447	0,7403514	0,3834562	0,8963527	0,2792466	0,2943248	0,5345556	0,6418923	0,8964936	0,5244289	0,8097738	0,6691631	0,4694385
1020	0,6524833	0,6023971	0,5841431	0,3958061	0,7269051	0,6863301	0,4377344	0,7495545	0,6015087	0,3717848	0,2302514	0,5171156	0,6190288	0,2591413	0,7392916	0,7754118	0,6773593	0,6958100	0,0089212	0,0001276	0,2313724	0,3601136	0,0677142	0,1642599	0,7976601	0,7205005	0,9262873	0,4616938	0,0730024	0,2743293	0,4128263	0,0019829	0,5167414	0,3569020	0,4041287	0,0381102	0,5262711	0,6859834	1,0717193	0,3269578	0,7786512	0,1906721	0,9202105	0,1849291	0,1483137	0,5340518	0,1075414	1,0823284	0,3804098	0,5830257	0,8620964	0,2070888	0,7193131	0,4245786	0,9077004	0,2249195	0,3106010	0,4975739	0,6318212	0,9475525	0,4536690	0,8054728	0,7495507	0,4050593
1040	0,6026897	0,6277959	0,6035521	0,3949974	0,7352003	0,7181647	0,4260512	0,7741074	0,5732316	0,3498169	0,1958035	0,4896144	0,5997050	0,2924473	0,7482491	0,8244020	0,6079458	0,6912395	0,0116516	0,0068789	0,2199357	0,3500839	0,0613629	0,1531535	0,8062056	0,7608768	0,9831723	0,4824537	0,1168620	0,2805827	0,4459726	0,0013806	0,4891919	0,3725386	0,3820282	0,0479260	0,5143538	0,6490879	1,0746374	0,2609323	0,7019447	0,1994034	0,8611175	0,1807430	0,1589604	0,4950565	0,0899266	1,0157844	0,3947922	0,6360371	0,8964797	0,1820225	0,7201256	0,3859264	0,8984927	0,2317764	0,3065267	0,5094826	0,6548952	0,9975215	0,4337211	0,8294602	0,6401051	0,3981152
1060	0,6240244	0,6293102	0,5414072	0,3645125	0,7506995	0,7556734	0,4856805	0,7810599	0,5618272	0,3622143	0,1964512	0,5143021	0,6279295	0,2699736	0,7191218	0,7984014	0,6139417	0,7420707	0,0082586	0,0048486	0,2238352	0,4030732	0,0771062	0,1458175	0,7864174	0,7855415	1,0071030	0,5298229	0,0928383	0,2677562	0,4300142	0,0012230	0,4647139	0,4275935	0,3759637	0,0415969	0,4957084	0,7164042	1,1248128	0,3141699	0,7648694	0,1780360	0,9455922	0,1775657	0,1519540	0,5391095	0,0748104	0,9796508	0,3783454	0,5924253	0,8968129	0,2056793	0,7514639	0,4004956	0,9049335	0,2319779	0,2975462	0,5466101	0,6718451	0,9657735	0,4532530	0,8797924	0,6909951	0,3710352
1080	0,6305376	0,6401912	0,5220729	0,4050078	0,7871883	0,7648307	0,5330655	0,7932356	0,4857368	0,3392554	0,2069267	0,4898634	0,6099633	0,2602088	0,7358804	0,8280716	0,6360207	0,8108866	0,0143650	0,0052756	0,1861260	0,4347476	0,0592425	0,1263529	0,7734304	0,8832777	1,0341218	0,5503981	0,0748466	0,2510790	0,4064985	0,0049245	0,5096696	0,3646457	0,3799958	0,0309547	0,5155127	0,6844402	1,0890756	0,3194804	0,7092312	0,2104802	0,9849319	0,1943724	0,1661135	0,5450419	0,0974893	1,0128821	0,3767912	0,6221126	0,9083452	0,1800668	0,7193650	0,3871309	0,9013664	0,2526925	0,3046143	0,5500389	0,6101701	0,9606918	0,4348738	0,9696340	0,7344167	0,3901998
1100	0,6509173	0,6661720	0,5383501	0,3733724	0,7484243	0,6376388	0,4757784	0,6765145	0,4849951	0,2930575	0,1817184	0,4916762	0,5814275	0,2608910	0,7212634	0,8394996	0,5859190	0,7617102	0,0082517	0,0065435	0,1713022	0,4487584	0,0617437	0,1538632	0,6928707	0,8483713	1,0025826	0,5734305	0,0604795	0,2773436	0,4315392	0,0064177	0,5302675	0,3816038	0,3940829	0,0337822	0,5887757	0,7007498	1,0373073	0,3030972	0,7665269	0,2119737	1,0602849	0,2026320	0,1741724	0,5003169	0,1307042	1,0211455	0,3912664	0,5992193	0,8810966	0,1753062	0,7373218	0,3833935	0,8915970	0,2427168	0,2928153	0,5923943	0,6278728	1,0433461	0,4615330	0,8977248	0,7029695	0,3625140

0	0,5395862	0,6767542	0,5439019	0,5091957	0,8312002	0,6706050	0,4418857	0,6624448	0,4522177	0,5596729	0,1998400	0,5221288	0,6180368	0,3324114	0,7490338	0,7839795	0,5346745	0,7404448	0,0157864	0,0017709	0,2085649	0,2835339	0,0761841	0,1848712	0,7618372	0,7731345	0,9429673	0,4210163	0,0798527	0,2546479	0,4328205	0,0005026	0,5941943	0,4544619	0,3352314	0,0451189	0,5561952	0,7068761	1,0445583	0,2919150	0,7761423	0,1838384	0,9700039	0,1743543	0,2309267	0,5267793	0,0972665	1,0675199	0,4866894	0,6314319	0,9584337	0,1883482	0,7688648	0,2619535	0,9995399	0,2473337	0,2486138	0,4922794	0,6156741	0,9693634	0,5191243	0,8604995	0,7977280	0,3812659
20	0,6595669	0,5696105	0,5763015	0,3892181	0,7422575	0,6216507	0,4383334	0,7347037	0,4681035	0,4381024	0,2384925	0,5436124	0,6427393	0,1981658	0,5442435	0,5774091	0,3621045	0,6203740	0,0058981	0,0052025	0,1913397	0,3704952	0,0883284	0,1318488	0,6901563	0,7338637	0,8822596	0,4125364	0,0765120	0,2834099	0,4669926	0,0025967	0,4175008	0,2982331	0,3479648	0,0475454	0,8415671	0,6526480	1,1040279	0,2834775	0,7107637	0,1919446	1,0072856	0,1541714	0,1824628	0,4831482	0,1162097	0,9924897	0,4091800	0,6948265	0,9629542	0,1414260	0,7832328	0,4300812	0,9396434	0,4868230	0,2490255	0,4295083	0,5007419	0,9818586	0,5291521	0,9155895	0,8218119	0,4225528
40	0,7050165	0,5957744	0,6011403	0,3352141	0,7320004	0,5639226	0,4670986	0,7147209	0,4837311	0,3883629	0,2320164	0,5394019	0,6126963	0,1515120	0,4494127	0,4466839	0,2618529	0,6843680	0,0100149	0,0048935	0,1888513	0,3169901	0,0769936	0,1151795	0,7568947	0,7579535	0,8505295	0,4545376	0,0691686	0,2758331	0,4383781	0,0001592	0,4569927	0,2430548	0,3777279	0,0531372	1,0293313	0,6666776	1,1018416	0,3155583	0,6411589	0,1833299	0,9793539	0,1543656	0,1685075	0,5179223	0,0988818	0,9782845	0,3931309	0,7032862	0,9106068	0,1399002	0,9251407	0,5891094	0,9224820	0,6542355	0,2474343	0,5036240	0,4615969	1,0604826	0,5107245	0,8943079	0,7166400	0,4326891
60	0,6676594	0,6172365	0,5666076	0,3212947	0,7298243	0,5549082	0,4657102	0,6499362	0,5385334	0,3663836	0,2267259	0,5033854	0,6339124	0,1322622	0,4450915	0,3186216	0,1972120	0,6664379	0,0099155	0,0069872	0,2300825	0,2936276	0,0786365	0,1049452	0,7313135	0,6539333	0,9205064	0,4364660	0,0587275	0,2855208	0,4051624	0,0005498	0,4432401	0,1683916	0,3647765	0,0509078	1,0472469	0,6840508	1,0950775	0,3269392	0,7043419	0,1765473	0,9964395	0,1443132	0,1213611	0,4919402	0,1186180	1,0231995	0,3811563	0,7495117	0,9425481	0,1551087	1,0067633	0,6498807	0,9093865	0,7583827	0,2085421	0,4894687	0,4975126	1,0901724	0,4293334	0,8622427	0,6519240	0,4262504
80	0,6851903	0,5962235	0,5565885	0,3300906	0,7308609	0,5157504	0,5379218	0,5879920	0,6008082	0,3818762	0,2052361	0,4859062	0,6674729	0,1041084	0,4603196	0,2302912	0,1993143	0,7130367	0,0085366	0,0049842	0,2343238	0,2746245	0,0677673	0,1138067	0,7666853	0,6286463	0,8933940	0,4394808	0,0693524	0,2842346	0,3833760	0,0019930	0,4223378	0,1394151	0,3557511	0,0362654	1,0152001	0,6917880	1,0555243	0,2780907	0,7118236	0,1604354	0,9963004	0,1409283	0,1094120	0,5176646	0,1060489	0,9468566	0,3703321	0,7308276	0,9115862	0,2339972	1,0128341	0,7065873	0,8898117	0,6779941	0,2049024	0,4237295	0,5037971	1,0204290	0,4349559	0,7591902	0,6609929	0,3812663
100	0,6647204	0,6557864	0,5554396	0,3529234	0,7655570	0,4810539	0,5258274	0,5641582	0,6199454	0,3732819	0,2047206	0,5027347	0,7174098	0,1262249	0,4267603	0,1983205	0,1983258	0,6229554	0,0139056	0,0087161	0,1978847	0,2990789	0,0614612	0,1095771	0,7309574	0,6297375	0,8802967	0,4498468	0,0820181	0,2325037	0,3727797	0,0042781	0,3644410	0,0985822	0,3911542	0,0316595	1,1007631	0,6360034	1,0217447	0,2702634	0,7762332	0,1843799	0,9548253	0,1764451	0,0862221	0,5408700	0,1553233	1,0247220	0,4149896	0,8289805	0,9561488	0,3215267	0,9781379	0,7062853	0,9000568	0,7397488	0,1929826	0,4215033	0,4453313	1,0344998	0,4333362	0,7634853	0,5727050	0,4233172
120	0,6304560	0,6885528	0,5322518	0,3702694	0,7841285	0,5534516	0,4611698	0,5451495	0,5457792	0,3175382	0,2076198	0,5487713	0,7145133	0,1412311	0,3954237	0,2039284	0,1651072	0,4115373	0,0077873	0,0034227	0,2177827	0,3000960	0,0722617	0,0821753	0,6704481	0,6033422	0,9347446	0,4313495	0,0987784	0,2165443	0,3777240	0,0004281	0,2859768	0,0836252	0,3689724	0,0169347	1,0193428	0,6633989	0,9942696	0,3291311	0,7478136	0,1827625	0,9608130	0,1916445	0,0655297	0,5138059	0,1576286	1,0291700	0,4101196	0,8399258	0,9121644	0,4403773	0,9899012	0,7074825	0,8874299	0,8188494	0,1859808	0,4477178	0,4408292	0,9860773	0,4590993	0,8276901	0,6124467	0,4094652
140	0,6354255	0,7060727	0,5870201	0,3764539	0,7356860	0,5729773	0,4219694	0,5713162	0,4296021	0,3650075	0,1902960	0,5330256	0,7591517	0,1517258	0,4158256	0,1527843	0,1867710	0,2816471	0,0048312	0,0018378	0,2238137	0,3100274	0,0733503	0,0551681	0,6799893	0,6000489	0,9823157	0,4063803	0,1275049	0,1911630	0,3945551	0,0001974	0,2868736	0,0477417	0,3850521	0,0228440	0,9592618	0,6591034	1,0396938	0,3235491	0,6881637	0,1928478	0,9742723	0,2242921	0,0696917	0,5341642	0,1430752	1,0384061	0,3958112	0,7939235	0,9160538	0,5328866	0,8906634	0,7878615	0,8515108	0,7549804	0,1693678	0,4108709	0,5155607	0,9860599	0,3843212	0,8286336	0,6041201	0,4285645
160	0,5737944	0,6658381	0,5629041	0,4412966	0,7974954	0,5432216	0,4397045	0,5262264	0,4723160	0,3951519	0,1813338	0,6454603	0,7666002	0,1553212	0,4391834	0,1264148	0,1929400	0,1888834	0,0026592	0,0000000	0,2258059	0,3461260	0,0703845	0,0482638	0,6396948	0,5694640	0,9582217	0,3701297	0,1253211	0,1684301	0,3601328	0,0008399	0,2820597	0,0344023	0,3653823	0,0353796	0,9274241	0,6361878	1,0176592	0,2580617	0,7727538	0,1558107	1,0012110	0,2079408	0,0515839	0,5382942	0,1267359	1,0314155	0,3721686	0,7552221	0,9270734	0,5726626	0,9498161	0,7913409	0,7983432	0,6961331	0,1271610	0,3933249	0,5144270	0,9799467	0,3517399	0,8345224	0,5518361	0,3837755
180	0,6078794	0,6121231	0,4627358	0,4695450	0,7789038	0,5058275	0,4920092	0,4954850	0,5263725	0,4473463	0,1929988	0,6650256	0,7130073	0,1669330	0,4061366	0,1202760	0,1806824	0,1332253	0,0039411	0,0027791	0,1971549	0,3805302	0,0567265	0,0365606	0,6216655	0,5233775	0,9815972	0,3729290	0,1399650	0,1750505	0,3473822	0,0017824	0,2693472	0,0449258	0,3940841	0,0319368	0,9521523	0,6410415	0,9721246	0,2565194	0,7782794	0,1562415	0,9087304	0,1831001	0,0511093	0,5385189	0,1316323	1,0438045	0,3505239	0,7874931	0,9158171	0,5999423	1,0113388	0,8087560	0,7701928	0,7467297	0,1296593	0,3932021	0,5164312	0,9527012	0,2758381	0,8736119	0,7083347	0,4059833
200	0,5912863	0,5625911	0,5033199	0,4517821	0,7630681	0,4953166	0,4656029	0,4972289	0,5011054	0,4829163	0,2133121	0,6352660	0,6894727	0,1525333	0,4207030	0,1208040	0,1614019	0,1054214	0,0034623	0,0037669	0,1734543	0,4108168	0,0684710	0,0403978	0,5720066	0,5100245	0,9856073	0,3716265	0,1604521	0,1799408	0,3621196	0,0011613	0,2303608	0,0339181	0,4026850	0,0364606	0,9682610	0,6369651	0,9334565	0,2859358	0,8204032	0,1620587	0,9579770	0,2024665	0,0513566	0,5127365	0,1413064	1,0090791	0,3059065	0,7478669	0,9178606	0,6410799	1,0877029	0,8761111	0,6296540	0,7562619	0,1218902	0,3798192	0,4820412	1,0134440	0,2244038	0,8563264	0,7428201	0,3756046
220	0,5973942	0,5492226	0,5369222	0,4300526	0,7948965	0,4739630	0,5377576	0,5392427	0,5198434	0,4681039	0,2227483	0,5970259	0,7872813	0,1345118	0,4358865	0,1339700	0,1539278	0,0732672	0,0065311	0,0044940	0,1659917	0,4229623	0,0828096	0,0348846	0,4867535	0,5006531	0,9974502	0,3664427	0,1556310	0,2103232	0,3194925	0,0034899	0,2354258	0,0382096	0,4171090	0,0357545	0,9683576	0,6614258	1,0090453	0,2616625	0,7338055	0,1356245	0,9171986	0,2085355	0,0436952	0,5552289	0,1164029	1,0436394	0,3112407	0,7881474	0,8115216	0,6664253	1,1394194	0,8481080	0,6240249	0,7843397	0,1208799	0,4316621	0,5315150	0,9840226	0,1944183	0,7307947	0,6568743	0,4153697
240	0,5181644	0,5751952	0,5318054	0,4328973	0,8418197	0,4554362	0,5338254	0,5487390	0,5477701	0,4647799	0,2095542	0,6508703	0,7732154	0,1282615	0,4752134	0,1435929	0,1797646	0,0525878	0,0057544	0,0043586	0,1739809	0,4022990	0,0665444	0,0273640	0,4951715	0,4815808	0,9553994	0,3541717	0,1353203	0,1769894	0,2589660	0,0014783	0,2097180	0,0432984	0,3593992	0,0251620	1,0811990	0,6559687	0,9186330	0,2587260	0,7719445	0,1525437	0,9345180	0,2043936	0,0326058	0,5629284	0,0828132	1,0499732	0,3209584	0,7766412	0,8729112	0,6332114	1,0893750	0,8269285	0,6099213	0,7133322	0,1134290	0,3957919	0,5208600	1,0218773	0,1638323	0,6637926	0,6962169	0,4119829
260	0,5815580	0,5841533	0,5436965	0,4290632	0,8172248	0,4992060	0,5037627	0,5489412	0,5191554	0,4247280	0,1811875	0,6829506	0,7060975	0,1165142	0,4497926	0,1512958	0,1714162	0,0361585	0,0046721	0,0024941	0,1580352	0,4206530	0,0768609	0,0159038	0,4624946	0,4321590	0,9818668	0,3302597	0,1245349	0,1910765	0,2664993	0,0016761	0,2356682	0,0302868	0,3698206	0,0443560	1,0203856	0,6351093	0,9420740	0,2545563	0,7507626	0,1423859	0,9956828	0,2190165	0,0437562	0,5571376	0,1138395	1,1032968	0,3500873	0,7702243	0,8775643	0,5905065	1,0556011	0,8179699	0,5853741	0,6974992	0,1347255	0,4340016	0,4991680	0,9504596	0,1548486	0,6565567	0,7891680	0,4358310
280	0,6602568	0,6079429	0,5471894	0,3943381	0,7825374	0,4699096	0,5385286	0,5415308	0,5320744	0,4094608	0,1993972	0,6050162	0,6643968	0,1112337	0,4344579	0,1439191	0,2124084	0,0310792	0,0107094	0,0047573	0,1842182	0,3790171	0,0736826	0,0042329	0,4831992	0,4168025	0,9608044	0,3465530	0,1087771	0,2220571	0,2795546	0,0027886	0,2631728	0,0331628	0,3466242	0,0465247	1,0253498	0,6654061	1,0220627	0,2282250	0,7177235	0,1302659	0,9388573	0,2194379	0,0445541	0,5529599	0,1078033	1,1388129	0,3464797	0,7775681	0,8701049	0,6143329	1,0396699	0,8276838	0,5460835	0,7097049	0,1604144	0,4355636	0,4528845	1,0353092	0,1505300	0,6184562	0,8189004	0,4000863
300	0,6373302	0,6235940	0,5193490	0,4495890	0,7492863	0,5045960	0,4747447	0,5242310	0,5680493	0,4990379	0,2144157	0,6185863	0,6614512	0,1110268	0,4508131	0,1522327	0,2269497	0,0381987	0,0051602	0,0024206	0,1800062	0,3724858	0,0623765	0,0040947	0,4454033	0,3615746	1,0146580	0,3433054	0,1269757	0,1954094	0,2392014	0,0027105	0,2253586	0,0436960	0,2834506	0,0448193	1,0033466	0,6713844	1,0490587	0,2390794	0,7372538	0,1276260	0,9479644	0,2080185	0,0438301	0,5389450	0,1151087	1,1178403	0,3609429	0,7954285	0,9888838	0,6030520	1,0134899	0,8189405	0,5800508	0,6289081	0,1372779	0,4102286	0,4667704	0,9285744	0,1562332	0,5913470	0,8085000	0,3984068
320	0,5910643	0,5827648	0,4953025	0,4481216	0,8221244	0,5043828	0,4518835	0,4683208	0,5579300	0,5236896	0,2011614	0,6212947	0,7039251	0,1272025	0,4051554	0,1291001	0,2183953	0,0548182	0,0016009	0,0033049	0,1823456	0,3930667	0,0584582	0,0031972	0,4162310	0,3171098	0,9674442	0,3893707	0,0804922	0,1948011	0,2589136	0,0023052	0,2435035	0,0354008	0,3041897	0,0370941	0,9778728	0,6425296	1,0361652	0,2204336	0,6945797	0,1333211	0,9437284	0,2042000	0,0461622	0,5040250	0,1337764	1,0125944	0,3236246	0,7863425	0,9612152	0,5416199	1,0814295	0,8508743	0,5707169	0,6527946	0,1496719	0,4027342	0,5002615	0,9446812	0,1467388	0,5222377	0,7558692	0,3568178
340	0,5740690	0,5450609	0,4378054	0,4754404	0,8395498	0,5271972	0,4864573	0,4687594	0,5261570	0,4964828	0,2559569	0,5873381	0,6825875	0,1572872	0,4477085	0,1303355	0,2341827	0,0407882	0,0044996	0,0010105	0,1937329	0,3385092	0,0530176	0,0072522	0,4161389	0,3058964	0,9721230	0,3887813	0,0959234	0,2443123	0,2660239	0,0006611	0,2293292	0,0312156	0,3340425	0,0386822	0,9729932	0,6635943	0,9681401	0,2255884	0,7083360	0,1431772	0,9905207	0,2067071	0,0528369	0,5381575	0,1639286	1,0021541	0,3103134	0,7974166	0,8841391	0,4960173	1,0531902	0,8143112	0,5319350	0,6879810	0,1568645	0,3872040	0,4322295	0,9547163	0,1041312	0,4908539	0,6798773	0,4308220
360	0,6526079	0,5859812	0,5022620	0,5279248	0,8987180	0,4924036	0,4441074	0,4920087	0,4574987	0,4420704	0,2898747	0,5833984	0,6820921	0,1655031	0,4478144	0,1245880	0,2249402	0,0431771	0,0033617	0,0009240	0,1726956	0,3653785	0,0543938	0,0018043	0,4162552	0,2970016	1,0150456	0,3843804	0,1113017	0,2546471	0,2921892	0,0010119	0,2457267	0,0301991	0,3378866	0,0583879	0,9813256	0,6376424	0,9431798	0,2614182	0,7046811	0,1428548	0,9787898	0,2067416	0,0492929	0,5341261	0,1647882	0,9902802	0,2660110	0,7682822	0,8855446	0,5284729	1,0475998	0,7563056	0,5467769	0,7389631	0,1525604	0,4034393	0,4175082	0,9893133	0,1208718	0,4512861	0,6397109	0,4250725
380	0,7439102	0,5563045	0,5178157	0,5007751	0,8391781	0,4681628	0,4638293	0,4993313	0,4742968	0,4166775	0,2461433	0,5032595	0,6303550	0,1569166	0,4309442	0,1120062	0,2251146	0,0328776	0,0081877	0,0036496	0,2089090	0,3924315	0,0650489	0,0027450	0,3586433	0,2959722	1,0300722	0,4390045	0,1161200	0,2648389	0,3078086	0,0020957	0,2472242	0,0192009	0,3100488	0,0561554	0,9987848	0,5667561	0,9024872	0,2928650	0,7276992	0,1795332	0,9543574	0,2178554	0,0427993	0,5607852	0,2135410	1,1263498	0,2662086	0,8339411	0,8569274	0,5229025	0,9759369	0,7586009	0,4921745	0,7440078	0,1350489	0,4107036	0,4415379	0,9331329	0,1165666	0,4361581	0,6716133	0,4560758
400	0,7243741	0,6225944	0,5389834	0,4376962	0,8513358	0,4657671	0,4247240	0,5378239	0,5097190	0,4195261	0,2650439	0,5266400	0,6448291	0,1399766	0,4010073	0,1187836	0,2127555	0,0323170	0,0070018	0,0001696	0,1910792	0,4310909	0,0623272	0,0014840	0,3792687	0,2906410	0,9668662	0,4319418	0,0970573	0,2262418	0,3605740	0,0000000	0,2549175	0,0411721	0,3346677	0,0468626	0,9612308	0,5375982	0,8693548	0,2862395	0,7870336	0,1612780	0,9212953	0,2257170	0,0412711	0,5747682	0,1747368	1,1140872	0,3039441	0,8390064	0,8612354	0,5029750	0,9744973	0,7501983	0,4676937	0,7202286	0,1496606	0,4258590	0,4660630	0,9802002	0,1182016	0,3976256	0,5854241	0,4466357
420	0,7070236	0,6566936	0,5588591	0,3970150	0,9163917	0,5240562	0,3773264	0,5314864	0,5416898	0,4146370	0,2427436	0,5348633	0,6974213	0,1356756	0,4360631	0,1159353	0,2033291	0,0248824	0,0059459	0,0015907	0,2050118	0,4424406	0,0587905	0,0038172	0,3949456	0,2900858	0,9720124	0,3973204	0,1111459	0,1894779	0,3340585	0,0007740	0,2582171	0,0436889	0,3677557	0,0520065	0,9603936	0,6341979	0,8914677	0,2643961	0,7840862	0,1550693	0,8948775	0,1998889	0,0385137	0,5494751	0,1432312	1,0262806	0,2834386	0,8389885	0,9150922	0,5209216	0,9518638	0,7237499	0,4314061	0,7208165	0,1108610	0,3595931	0,4387980	1,0155014	0,1158574	0,2870069	0,5676727	0,4198554
440	0,6561883	0,5912623	0,5186768	0,4849422	0,8799370	0,4859012	0,4128269	0,4787597	0,5376641	0,4196624	0,2154310	0,5335774	0,7132995	0,1208881	0,4300307	0,1293157	0,2255482	0,0361803	0,0038312	0,0017194	0,1934746	0,4037412	0,0650760	0,0017095	0,3958750	0,2782182	0,9791747	0,3660195	0,1076701	0,2027143	0,2923060	0,0035087	0,2601562	0,0458145	0,3722737	0,0545671	0,9254248	0,6026089	0,9983960	0,2914211	0,7495608	0,1521684	0,9591544	0,2124651	0,0321795	0,5323959	0,1434380	1,0192414	0,3054851	0,9034153	0,9480215	0,5940000	0,9946416	0,7518134	0,4144772	0,7115853	0,1117638	0,3123928	0,4782876	0,9654719	0,1168069	0,2286997	0,5468518	0,3417514
460	0,6599583	0,5991700	0,5513716	0,4752505	0,8772198	0,4331746	0,4650801	0,4509234	0,5470661	0,4268022	0,2155776	0,4999771	0,7115727	0,1428180	0,4524888	0,1592879	0,2002457	0,0332446	0,0087173	0,0002928	0,1852473	0,4019880	0,0682108	0,0034102	0,4509505	0,3178157	0,9596145	0,4200229	0,0841847	0,1916550	0,3146569	0,0046755	0,2789245	0,0519442	0,3958821	0,0527256	0,9390997	0,6174689	1,0003557	0,2666524	0,7997216	0,1620408	0,9011820	0,2140165	0,0213314	0,5160324	0,1449787	1,0637544	0,2723807	0,8505006	0,8916619	0,6134358	1,0479277	0,8080253	0,4587711	0,6745567	0,1157551	0,3711018	0,4971290	0,9847790	0,1065056	0,2340621	0,5787784	0,3997589
480	0,6586700	0,5856871	0,4959540	0,4333302	0,8336574	0,4363007	0,5528309	0,4650539	0,5185020	0,3936514	0,1870448	0,4808666	0,7446455	0,1371590	0,4272231	0,1575346	0,2171247	0,0285537	0,0134836	0,0006220	0,1592463	0,3381287	0,0719999	0,0084861	0,4333973	0,3543004	0,9139192	0,4056663	0,0752827	0,1883954	0,2714871	0,0017656	0,2509432	0,0548207	0,3777839	0,0470857	1,0190717	0,6225679	0,9710137	0,2496770	0,7637660	0,1737294	0,9260497	0,2017265	0,0215328	0,5885819	0,1682425	1,0377345	0,2922375	0,8324081	0,9268318	0,5464302	1,0446731	0,7727174	0,5123505	0,6803131	0,1118476	0,3880041	0,4567899	0,9629004	0,1382502	0,2635307	0,6031932	0,3679110
500	0,6324150	0,5663640	0,4878445	0,4093448	0,8295871	0,4262311	0,4745436	0,4890824	0,5562627	0,3824032	0,1699179	0,4968203	0,7051851	0,1197436	0,4418171	0,1373393	0,1940758	0,0305314	0,0115162	0,0023737	0,1771604	0,3205528	0,0741406	0,0095951	0,4551947	0,3254781	0,8890019	0,3356305	0,0762113	0,1462172	0,2748113	0,0024842	0,2290523	0,0555716	0,3905063	0,0469074	1,0349700	0,6299606	0,9577756	0,2324346	0,7084483	0,1907188	0,9356692	0,2352170	0,0217236	0,6051825	0,1502130	1,0372638	0,3105785	0,8406847	0,8958133	0,5824191	1,0041652	0,7459110	0,4500010	0,6865928	0,1166103	0,3364535	0,5020756	0,9427528	0,1561855	0,2943601	0,6810440	0,4233272
520	0,6984823	0,5497669	0,4775055	0,3559873	0,7178041	0,5365883	0,4214661	0,5048380	0,5464382	0,3911902	0,1796736	0,5122517	0,7465137	0,1229111	0,4488140	0,1330661	0,1825227	0,0366128	0,0099095	0,0039587	0,1479247	0,3641895	0,0593165	0,0020886	0,4245019	0,3476231	0,9679192	0,3432881	0,0691210	0,1593911	0,2400060	0,0068653	0,2355064	0,0484979	0,3683442	0,0350051	0,9922910	0,5972368	1,0082341	0,2234597	0,7111397	0,1909187	0,9037737	0,2104071	0,0398081	0,5883111	0,1086581	0,9790402	0,3442079	0,7780224	0,8997290	0,5742916	1,0224012	0,7197719	0,4503213	0,7136837	0,1318669	0,3428770	0,5683505	0,9606798	0,1396473	0,3349550	0,7779901	0,3884076
540	0,6414376	0,5462308	0,5269153	0,3674265	0,7736496	0,5290288	0,4343073	0,5184778	0,5213774	0,3755216	0,1613219	0,5522708	0,7671271	0,1140833	0,4220689	0,1250326	0,1829317	0,0249315	0,0102339	0,0031589	0,1563214	0,3429143	0,0433551	0,0033598	0,4192963	0,3377143	1,0159684	0,3320408	0,0508290	0,1745817	0,3000495	0,0058173	0,2307308	0,0390080	0,3507948	0,0374570	1,0547362	0,6540149	1,0321407	0,2702130	0,7252695	0,1670498	0,9402918	0,2003720	0,0442206	0,5885107	0,1116937	1,0014305	0,3716563	0,7994923	0,8740374	0,5920156	0,9851597	0,7810113	0,4617850	0,6401418	0,1388251	0,3718333	0,5117792	0,9546267	0,1847384	0,2988662	0,7637416	0,3815256
560	0,6498919	0,5702400	0,4969990	0,4141398	0,7314085	0,5299486	0,4592246	0,4989515	0,5187851	0,3983578	0,1741592	0,5572304	0,7895242	0,1458923	0,4759398	0,1407226	0,1833258	0,0332658	0,0106996	0,0032983	0,1382441	0,3415134	0,0708404	0,0002267	0,4367354	0,3058023	1,0216946	0,2738031	0,0759613	0,1984558	0,2923541	0,0009731	0,2468142	0,0371564	0,3484670	0,0338890	1,0158946	0,6353030	0,9244870	0,2891165	0,7506375	0,1482435	0,9392663	0,1898165	0,0522499	0,5353879	0,1558619	1,0070213	0,3856346	0,7802945	0,9395776	0,6170449	0,9942575	0,7453605	0,4476861	0,6991249	0,1223368	0,3461652	0,5279338	0,9995219	0,1503425	0,3146073	0,7492319	0,3909588
580	0,6152074	0,5468746	0,5370635	0,4020346	0,7788000	0,6224599	0,4784022	0,6446333	0,5248544	0,3797647	0,1793061	0,5523807	0,7197339	0,2819974	0,6611756	0,3710481	0,4724771	0,0425307	0,0150812	0,0035795	0,1498038	0,3684573	0,0627678	0,0006602	0,4567439	0,3190360	1,0117464	0,2754634	0,0675429	0,2104054	0,2834210	0,0034477	0,2180479	0,0976679	0,3717111	0,0294330	0,7280222	0,6915744	1,0033211	0,2171830	0,7748602	0,1282194	0,9412494	0,1767077	0,0579163	0,5551445	0,1385689	0,9768615	0,3653013	0,6856237	0,9039842	0,6583604	0,8596115	0,5120840	0,5191430	0,2662629	0,1290505	0,3235623	0,5204146	0,9314263	0,1180155	0,3607602	0,7122757	0,4037445
600	0,6094874	0,5804602	0,5228346	0,3764075	0,7918641	0,6257367	0,4702180	0,7286966	0,5667063	0,3632595	0,1760466	0,5775068	0,6971430	0,3465999	0,7921114	0,5119643	0,5921877	0,0454375	0,0083344	0,0049357	0,1490279	0,3607974	0,0783372	0,0007668	0,4907799	0,3318786	1,0324394	0,3338043	0,0721238	0,2095823	0,2946042	0,0049441	0,2256267	0,1259337	0,3601669	0,0387298	0,6426249	0,6353580	0,9923544	0,2391962	0,8390143	0,1415046	0,9519527	0,1931672	0,0476746	0,5898231	0,1069902	0,9567292	0,3945655	0,6979651	0,9352955	0,6522118	0,7972976	0,3674681	0,5597414	0,1135650	0,1209371	0,3182225	0,5799396	0,9543351	0,1002571	0,4392467	0,7151073	0,4103799
620	0,6664883	0,5368038	0,5419338	0,4009411	0,7788874	0,6681145	0,5144849	0,8290207	0,5912356	0,3369959	0,2391607	0,5809542	0,6636536	0,3458216	0,8614136	0,6068951	0,6311725	0,1105790	0,0053917	0,0020111	0,1726792	0,3901074	0,0966642	0,0050488	0,5495000	0,4226020	1,0144994	0,3507428	0,0678808	0,2154488	0,2773039	0,0048755	0,2246310	0,1639307	0,3837333	0,0536584	0,5781046	0,6325805	1,0150253	0,2589094	0,7611387	0,1278152	0,8994979	0,1526228	0,0441375	0,5167027	0,1058332	0,9389164	0,3880784	0,6103652	0,9287544	0,5555538	0,7472644	0,2956598	0,4862366	0,0436690	0,1583025	0,3706035	0,6109917	1,0009568	0,0898835	0,4122892	0,6833404	0,3457957
640	0,6741461	0,5713787	0,5487077	0,4138678	0,7523739	0,7615189	0,4716716	0,8207407	0,5495482	0,3010589	0,2529810	0,6026214	0,5692084	0,3361622	0,8375483	0,6398181	0,6412089	0,1820384	0,0087078	0,0020729	0,1753315	0,3428334	0,0913394	0,0146453	0,5392509	0,4527536	0,9665131	0,4250304	0,0774276	0,2209402	0,2729771	0,0109864	0,2661499	0,1969713	0,3644012	0,0403514	0,5930070	0,7175437	1,0456296	0,2552129	0,7690910	0,1486066	0,8816275	0,1796470	0,0399074	0,5027452	0,0895780	1,0590725	0,4021884	0,6232634	0,8613064	0,4086204	0,7841979	0,2496315	0,5483970	0,0275844	0,1911758	0,4508038	0,5650370	0,9926996	0,0705190	0,4318570	0,6952538	0,3918207
660	0,6056839	0,6338471	0,5532589	0,4715461	0,8198432	0,7345331	0,4692672	0,7624437	0,5605682	0,3140406	0,2602627	0,5804739	0,5138316	0,3129604	0,8408953	0,7553950	0,6256501	0,3281631	0,0052723	0,0041738	0,1755477	0,3653522	0,0657428	0,0186550	0,5033298	0,4919047	0,9400422	0,4313532	0,0647341	0,2432951	0,2416306	0,0130558	0,3033867	0,1868845	0,3591015	0,0354750	0,5092321	0,6605016	1,0266871	0,2755303	0,7780908	0,2092360	0,9190629	0,1974788	0,0476578	0,5444720	0,1029114	1,0020328	0,3838545	0,6327498	0,8798463	0,3120174	0,7973443	0,2666776	0,5281292	0,0203035	0,2035445	0,4520776	0,5129126	1,0143648	0,0656678	0,5163367	0,6971193	0,4673077
680	0,6423901	0,6258876	0,5728239	0,4753138	0,7869620	0,6841173	0,4666866	0,7914994	0,5379923	0,3370459	0,2416139	0,5561911	0,4908275	0,2896109	0,8206250	0,7573931	0,5935943	0,4883235	0,0022797	0,0055475	0,1720825	0,3760701	0,0588659	0,0283199	0,5478920	0,5398087	0,9525502	0,4522026	0,0618175	0,2659642	0,2349893	0,0151501	0,3536444	0,1699832	0,3130432	0,0400709	0,5348477	0,5823037	0,9978561	0,3492355	0,7488745	0,2051400	0,8681937	0,1949111	0,0462553	0,4868858	0,1598318	1,0168769	0,3769499	0,6567843	0,8882336	0,2799922	0,7376694	0,3147607	0,5245860	0,0349209	0,2508051	0,5300217	0,5127859	0,9865316	0,0650070	0,5636347	0,6719482	0,4726067
700	0,6624935	0,5902882	0,5455564	0,4129537	0,7694742	0,6617780	0,4645999	0,7478054	0,4975246	0,3880531	0,2503350	0,5658696	0,5115084	0,2791920	0,7852530	0,8073318	0,5762332	0,6239803	0,0042393	0,0054053	0,1834169	0,3899407	0,0635792	0,0419493	0,6197543	0,5789304	0,9500386	0,4772473	0,0857676	0,3295730	0,2406744	0,0150132	0,3909664	0,2072931	0,3217382	0,0412255	0,5912732	0,6789809	0,9693170	0,3380151	0,7350394	0,2441685	0,9246543	0,1953018	0,0678647	0,5107009	0,1947871	0,9922753	0,3944775	0,6893677	0,8574779	0,2374823	0,7840563	0,3372575	0,5330864	0,0499900	0,2424241	0,6042007	0,5584987	0,9754914	0,0644829	0,5752587	0,6590128	0,4669663
720	0,6162861	0,5941870	0,5629677	0,4481079	0,7878998	0,6548855	0,4467174	0,7509103	0,4504699	0,3871107	0,2449250	0,5619780	0,5379535	0,2179334	0,7796069	0,8555841	0,5489374	0,6799874	0,0018888	0,0045498	0,2311210	0,3522438	0,0599613	0,0644760	0,6786258	0,6233637	0,9441366	0,4803913	0,0914668	0,3429008	0,2535478	0,0110039	0,4447722	0,2273637	0,3242386	0,0450217	0,6018641	0,7036046	0,9791712	0,3671174	0,7381649	0,2523995	0,9115674	0,1738555	0,0916330	0,5175612	0,1862877	0,9750639	0,4209970	0,7168817	0,7784289	0,2178503	0,7939196	0,3869842	0,5886333	0,0666084	0,2234479	0,5387085	0,5605522	0,9741503	0,0917749	0,6226586	0,6086313	0,4453504
740	0,6357409	0,5606461	0,5436102	0,4382189	0,6914480	0,6499901	0,4832337	0,7311820	0,4404278	0,3289794	0,2356254	0,5245398	0,6020401	0,2475558	0,7396642	0,7645784	0,5248850	0,6983879	0,0027971	0,0075797	0,2071249	0,3482203	0,0578846	0,1170292	0,7145431	0,6328161	0,8962911	0,4947181	0,0825550	0,3353133	0,2553351	0,0048463	0,4256476	0,2568270	0,3254850	0,0518711	0,5701513	0,7126334	0,9739006	0,3584797	0,7456286	0,2364417	0,9129111	0,1354023	0,0839887	0,5409956	0,1188769	1,0074623	0,4223005	0,6867276	0,8235374	0,2061232	0,8385859	0,3630332	0,6676124	0,0864917	0,1985456	0,5513392	0,5567352	0,9849232	0,1108478	0,6626736	0,6667543	0,3974962
760	0,6592240	0,5609571	0,5274206	0,3697151	0,7671085	0,6478772	0,4596948	0,6995894	0,5275142	0,3163155	0,2397256	0,5597300	0,6094788	0,2448563	0,8412413	0,7555829	0,5673820	0,6975528	0,0083134	0,0022972	0,2062023	0,3162921	0,0801265	0,1095990	0,7328789	0,6864856	0,9014576	0,4838783	0,1217868	0,3099351	0,2945693	0,0036276	0,4544870	0,3045416	0,3327963	0,0476659	0,5436745	0,6711117	1,0071895	0,3145834	0,7553123	0,2372636	1,0139716	0,1462546	0,0882384	0,5387991	0,1111185	0,9813049	0,3973752	0,6343509	0,8350809	0,1961996	0,7540844	0,3628576	0,6912923	0,1461673	0,2236088	0,4936473	0,5267309	0,9629594	0,1255238	0,6859943	0,6701962	0,3755842
780	0,7111608	0,5830694	0,4618403	0,3402608	0,7859163	0,7262328	0,4473272	0,7047936	0,5804043	0,2879719	0,2127861	0,5333842	0,6077135	0,2812502	0,8364095	0,7681401	0,5973808	0,6832475	0,0068669	0,0007768	0,2339351	0,3162882	0,0655249	0,1259510	0,6948388	0,7412053	0,9552317	0,4571652	0,0982192	0,3089416	0,3123306	0,0022072	0,4557456	0,3438388	0,3113695	0,0563775	0,5574734	0,6575470	1,0555682	0,2715075	0,7142548	0,2161455	0,9548173	0,1311713	0,0981217	0,5446304	0,1069571	0,9746318	0,3758185	0,6029897	0,8903687	0,2227243	0,7309930	0,3448189	0,7243864	0,1761159	0,2586752	0,4907459	0,5408560	0,8796363	0,1708269	0,7394465	0,6689914	0,3941102
800	0,6312674	0,5407918	0,4908570	0,3461564	0,7761391	0,6894033	0,4455514	0,6825523	0,5462493	0,3050335	0,1964654	0,5542809	0,5776066	0,2953095	0,8470585	0,8171320	0,5824455	0,7151988	0,0085884	0,0025189	0,1885612	0,3630460	0,0577312	0,1322662	0,7233463	0,7344357	1,0132001	0,4708541	0,0919670	0,3183063	0,3130592	0,0035982	0,4885064	0,3471896	0,3508150	0,0614727	0,5405446	0,6722952	1,0322046	0,3275012	0,7507484	0,2180698	0,9209263	0,1541030	0,1052749	0,5122439	0,0990964	1,0077248	0,4204209	0,5639532	0,8620898	0,2233285	0,7585966	0,2836934	0,7589495	0,1851447	0,2847301	0,5151466	0,5742964	0,9657881	0,2065966	0,8001617	0,6734885	0,4543866
820	0,6739230	0,6342490	0,4727610	0,3624553	0,8311476	0,7540432	0,4524689	0,7562217	0,5293991	0,2924986	0,2145562	0,5410064	0,5858821	0,2666983	0,7823537	0,8225745	0,5993369	0,6823435	0,0054404	0,0047480	0,1709566	0,3410607	0,0487887	0,1418343	0,7118241	0,7154102	0,9763101	0,4885372	0,0814731	0,2609862	0,3384879	0,0006849	0,5309694	0,3620283	0,3648578	0,0593177	0,5370531	0,6379345	1,0000561	0,3252576	0,7462984	0,2113281	0,9396538	0,1355734	0,1171206	0,5273260	0,1126343	1,0324506	0,3995116	0,5654730	0,8897126	0,2246800	0,7473629	0,2481272	0,7776942	0,1830821	0,2373883	0,5205185	0,6740026	1,0058814	0,2664595	0,8442821	0,6612127	0,3721459
840	0,6708187	0,6192364	0,5122338	0,4243504	0,8617803	0,6685028	0,4238346	0,8074531	0,5224254	0,2999229	0,2106303	0,5055154	0,5828925	0,2557795	0,6836416	0,8554452	0,5725129	0,7283224	0,0013629	0,0005043	0,1606428	0,3145636	0,0257754	0,1627472	0,7714569	0,7619330	0,9462285	0,4854971	0,0951373	0,3307819	0,3365826	0,0005590	0,4941815	0,3485509	0,3535656	0,0550360	0,5507876	0,7429049	0,8779006	0,3470581	0,7317154	0,1763418	0,9704406	0,1625226	0,1353014	0,5451356	0,1002675	0,9568795	0,4041607	0,5961662	0,9036759	0,2052462	0,7290925	0,2810028	0,8610991	0,1714951	0,2246493	0,5746707	0,5866092	0,9841885	0,3069982	0,7915336	0,6452603	0,3981410
860	0,6183932	0,6602984	0,4886285	0,4013391	0,8237206	0,6722569	0,4497006	0,7340495	0,5362737	0,2988454	0,1913726	0,5419240	0,5855613	0,2759402	0,7090032	0,8917001	0,5550775	0,7096767	0,0062379	0,0016417	0,2035513	0,2931591	0,0524389	0,1933014	0,7055744	0,7410970	0,9420308	0,5272389	0,1127400	0,3297633	0,3458235	0,0059697	0,5461163	0,3581261	0,3511717	0,0585152	0,5476000	0,7521718	1,0030043	0,3361895	0,8180972	0,1969278	0,9802567	0,1737946	0,1320998	0,5430013	0,1003903	0,9723539	0,3941688	0,6876523	0,8584011	0,2075216	0,7354448	0,2737354	0,8388493	0,1942215	0,2397854	0,5554022	0,5203676	0,9716370	0,3125451	0,8416087	0,6062338	0,3692088
880	0,5528360	0,6851811	0,5144347	0,4297700	0,8044154	0,6169624	0,4476786	0,7825263	0,5223398	0,2987467	0,1630742	0,5292724	0,5976515	0,2510393	0,6789536	0,9057976	0,5602186	0,7931482	0,0052892	0,0042466	0,1940056	0,3146359	0,0684173	0,1967151	0,7476655	0,7641489	0,9453748	0,5351527	0,0969140	0,3420412	0,3922666	0,0068321	0,5855904	0,3467091	0,3959438	0,0572110	0,5548648	0,7217695	0,9774781	0,3344802	0,7487257	0,1885962	1,0181457	0,2003584	0,1423618	0,5469837	0,0983616	0,9242081	0,3880593	0,7022018	0,9321637	0,1809616	0,7608212	0,2582646	0,8370500	0,2166093	0,2293767	0,5698365	0,5669804	0,9650639	0,3731035	0,7795843	0,6660754	0,4185931
900	0,5922406	0,6779799	0,5288931	0,4555990	0,8288410	0,6581223	0,5521848	0,7525184	0,5148568	0,3357011	0,1535653	0,5407002	0,6107297	0,2475716	0,7035271	0,8926331	0,5843895	0,7864511	0,0005968	0,0015726	0,2246515	0,3199363	0,0838472	0,1740429	0,7034967	0,7559297	0,9395196	0,4983270	0,0834121	0,3423065	0,4151117	0,0039754	0,5773391	0,3250441	0,3868090	0,0538679	0,5980344	0,7397862	1,0046751	0,3589982	0,7333127	0,2272152	1,0378880	0,2047055	0,1614207	0,5641478	0,1243108	0,8790373	0,4180942	0,6704665	0,9800335	0,1693460	0,7156755	0,2874758	0,8660902	0,2324398	0,2302862	0,6019080	0,5682486	0,9053864	0,3853190	0,8453885	0,7297613	0,4719909
920	0,5840401	0,7055192	0,5280229	0,4806026	0,8606032	0,6742625	0,5268143	0,7409318	0,5186309	0,3965198	0,1711053	0,5284184	0,6053174	0,2296376	0,7106360	0,8694199	0,6194578	0,7819464	0,0023990	0,0047589	0,2332782	0,3033931	0,0741842	0,1759855	0,7393692	0,7733665	0,9292847	0,4815755	0,1103012	0,2997156	0,3812985	0,0013210	0,5822046	0,3518857	0,4013853	0,0490225	0,5629049	0,6834310	0,9575455	0,3326098	0,6832270	0,2012780	1,0145526	0,1818453	0,1810464	0,5633253	0,1143031	0,9095181	0,4171524	0,6572564	1,0596594	0,1576306	0,6849117	0,3209916	0,8865942	0,2256771	0,2335352	0,5893696	0,5656175	0,9853206	0,4069594	0,7415676	0,8191595	0,3661809
940	0,5752985	0,6556425	0,4809079	0,4897388	0,9042407	0,6319121	0,5177733	0,7335570	0,5227987	0,4539942	0,1527225	0,5565036	0,5520507	0,2453542	0,6693715	0,9278027	0,5910876	0,7301612	0,0059027	0,0008344	0,2141433	0,3152377	0,0774392	0,1678047	0,6506758	0,7473320	0,9037182	0,4752215	0,0851842	0,2591056	0,3620234	0,0016762	0,5889729	0,4149382	0,4137160	0,0487305	0,5878376	0,7468090	0,9216713	0,3058034	0,7081442	0,2178052	1,0300470	0,2005705	0,2045155	0,5677755	0,1224272	0,9357797	0,4089470	0,6501003	0,9768935	0,1815434	0,7473240	0,3390435	0,8649678	0,2042672	0,2312997	0,5758603	0,5651385	0,9951336	0,3921055	0,8146393	0,8174420	0,3691487
960	0,5982797	0,6360020	0,5270517	0,4718074	0,8791444	0,6496848	0,5587676	0,7593631	0,5434280	0,4109668	0,1876112	0,5549623	0,5786823	0,2426708	0,7086037	0,8454280	0,5843821	0,7542010	0,0133137	0,0027326	0,2136478	0,3572040	0,0756419	0,1777058	0,7113145	0,7817570	0,8498098	0,4522641	0,0805436	0,2694122	0,4025351	0,0038673	0,6177945	0,4710766	0,3978848	0,0409260	0,5589805	0,7583453	0,9436260	0,2722101	0,7432580	0,2419876	0,9771757	0,2006650	0,2386094	0,6151857	0,1395578	0,9804225	0,4155486	0,6256904	0,9781359	0,1687567	0,7604358	0,3342659	0,8745378	0,1725233	0,2461720	0,5453608	0,5905612	1,0245738	0,4178651	0,8359023	0,7644686	0,4235612
980	0,6089147	0,6546695	0,5580515	0,4217265	0,8017522	0,6447110	0,4626234	0,7568117	0,5773623	0,4625569	0,2279688	0,5044160	0,5804432	0,2891335	0,7036029	0,8346541	0,5859980	0,6947430	0,0146490	0,0000522	0,1939343	0,3185306	0,0697626	0,1557587	0,7734311	0,7932536	0,9057690	0,4295847	0,0620418	0,2845384	0,3602155	0,0022361	0,6311533	0,4792555	0,4184273	0,0481414	0,5670078	0,7608714	0,9452935	0,2832265	0,8296229	0,2238310	0,9706517	0,2818097	0,2705525	0,5919556	0,1309555	0,8654869	0,4042766	0,6826218	0,9072375	0,1705994	0,8395177	0,3867246	0,9301286	0,1711400	0,2552322	0,5260249	0,6100275	0,9956530	0,4347019	0,8518395	0,7402413	0,3901491
1000	0,6598416	0,6030494	0,6033778	0,4070883	0,8943460	0,6575816	0,4807652	0,7411143	0,5734815	0,4619545	0,1884703	0,5554700	0,5681253	0,3156984	0,7210753	0,8085593	0,6108496	0,7299019	0,0067392	0,0031867	0,1910136	0,3303096	0,0796378	0,1588575	0,7798439	0,7964380	0,9739987	0,4658665	0,0650391	0,2860600	0,3693117	0,0012881	0,6331291	0,4793190	0,3600070	0,0500854	0,5395890	0,7527181	1,0058506	0,3275268	0,8558205	0,2393249	0,8974898	0,2312195	0,2715689	0,5669556	0,1423839	0,9875003	0,3974211	0,6786597	0,8199007	0,1600852	0,7327992	0,3784518	0,9208200	0,1923133	0,2520684	0,5053036	0,6385718	1,0246870	0,4705257	0,8467099	0,7260918	0,3933361
1020	0,5886205	0,6253855	0,5420167	0,4510217	0,8534421	0,6489497	0,5083446	0,7505240	0,5454826	0,4532746	0,1860810	0,5711644	0,6128667	0,3017129	0,6787245	0,7170639	0,5988669	0,7854438	0,0074734	0,0002898	0,1814948	0,3116333	0,0816842	0,1657601	0,8060505	0,7734520	0,9316170	0,4580748	0,0677723	0,2652497	0,3541222	0,0011365	0,6051356	0,4463313	0,3525177	0,0574587	0,4992538	0,7369011	0,9304277	0,2881824	0,8452822	0,2146586	0,9705179	0,2222389	0,2498954	0,5424317	0,1767920	0,9696893	0,4043631	0,7061099	0,8239110	0,1618189	0,7578930	0,3858443	0,8894169	0,1817210	0,2368633	0,5527390	0,6340025	1,0055755	0,4620061	0,8232246	0,7673190	0,3403115
1040	0,6323937	0,6127927	0,5030433	0,4278786	0,8786680	0,5940286	0,4973075	0,7447013	0,4688473	0,4779053	0,1714831	0,5398251	0,6398713	0,2569597	0,7158804	0,7069858	0,5425272	0,7481634	0,0023775	0,0000000	0,2012132	0,3082585	0,0664584	0,1407450	0,8177248	0,7075571	0,9633067	0,4321390	0,0819376	0,2609469	0,3550870	0,0036050	0,6046101	0,3989247	0,3998428	0,0480100	0,5090232	0,6885391	0,9385356	0,3230921	0,8294994	0,1946372	0,9427217	0,2443938	0,2169149	0,5505226	0,1421794	0,9813484	0,4087876	0,6363935	0,8016124	0,1792360	0,7612765	0,3445043	0,8859498	0,2366536	0,2427480	0,5224858	0,6337476	0,9130820	0,4959447	0,8634133	0,7678730	0,3723376
1060	0,6511423	0,6574582	0,5008218	0,3961841	0,8598353	0,5996951	0,4663297	0,6861333	0,4854864	0,5064503	0,1603798	0,5560356	0,6235081	0,2434738	0,7923612	0,7500025	0,5664813	0,7366853	0,0009608	0,0078292	0,2056187	0,3135099	0,0513554	0,1572827	0,7894269	0,7404491	1,0222574	0,4297571	0,0642517	0,2633399	0,3493389	0,0069398	0,5378121	0,4046336	0,3905346	0,0560613	0,5146380	0,6917015	0,9573503	0,3073361	0,7668864	0,1684091	0,9837185	0,2044695	0,2451233	0,5861604	0,1514878	0,9501331	0,4081816	0,6403367	0,8506258	0,1823966	0,7138831	0,3214269	0,9236140	0,2234529	0,2163461	0,4766682	0,6308226	0,8948760	0,5133471	0,8645691	0,6685539	0,4117403
1080	0,5979164	0,6666617	0,4765349	0,4818306	0,7996405	0,6377896	0,4618294	0,6617553	0,5007290	0,5458919	0,1717267	0,5339554	0,5878026	0,2584476	0,7279371	0,7151175	0,5471689	0,7026702	0,0036810	0,0076645	0,1935905	0,3143946	0,0692902	0,1616102	0,7990931	0,7718368	1,0599206	0,4260033	0,0577280	0,2645361	0,3903799	0,0016476	0,5514871	0,3741131	0,3551520	0,0592825	0,5829851	0,6730762	0,9900420	0,2812231	0,8018606	0,1761017	0,9642116	0,1933354	0,2250147	0,5804204	0,1365734	1,0227617	0,3454128	0,7028156	0,8385594	0,1459346	0,7380359	0,2834022	0,8307806	0,2325562	0,1981305	0,4783737	0,6090678	0,9250579	0,5360584	0,9648278	0,6671621	0,3830202
1100	0,5956385	0,6241435	0,4639624	0,6031268	0,7753563	0,6132636	0,4940594	0,6370238	0,5291854	0,5975190	0,1540495	0,5278668	0,6701479	0,2671892	0,7050454	0,6862334	0,5223924	0,6848313	0,0024812	0,0028382	0,2029844	0,3124655	0,0675606	0,1958852	0,7515007	0,7618343	1,0173990	0,4078603	0,0527211	0,2273508	0,3645363	0,0048086	0,5575544	0,3617828	0,3731239	0,0575732	0,5426776	0,6718891	1,0422521	0,2775920	0,7875954	0,1857656	1,0087906	0,1876997	0,1932720	0,5415530	0,1384399	1,0360651	0,3429787	0,6456356	0,8508827	0,1412046	0,7456535	0,2568248	0,8458843	0,2795434	0,2091824	0,5243257	0,5553726	0,8773544	0,4889423	0,8694056	0,5968919	0,3643407

0	0,5395862	0,6767542	0,5439019	0,5091957	0,8312002	0,6706050	0,4418857	0,6624448	0,4522177	0,5596729	0,1998400	0,5221288	0,6180368	0,3324114	0,7490338	0,7839795	0,5346745	0,7404448	0,0157864	0,0017709	0,2085649	0,2835339	0,0761841	0,1848712	0,7618372	0,7731345	0,9429673	0,4210163	0,0798527	0,2546479	0,4328205	0,0005026	0,5941943	0,4544619	0,3352314	0,0451189	0,5561952	0,7068761	1,0445583	0,2919150	0,7761423	0,1838384	0,9700039	0,1743543	0,2309267	0,5267793	0,0972665	1,0675199	0,4866894	0,6314319	0,9584337	0,1883482	0,7688648	0,2619535	0,9995399	0,2473337	0,2486138	0,4922794	0,6156741	0,9693634	0,5191243	0,8604995	0,7977280	0,3812659
20	0,7036071	0,6352679	0,4823460	0,2911484	0,6999102	0,6078875	0,3269888	0,8828184	0,6993116	0,3002121	0,1949600	0,3976322	0,6074026	0,2814501	0,6534553	0,7908979	0,5498206	0,6438224	0,0158418	0,0026849	0,1971358	0,3039817	0,0840111	0,1929592	0,6219317	0,8202139	0,7350062	0,4441352	0,1019613	0,2870647	0,5046407	0,0013038	0,6213404	0,2962990	0,5470106	0,3448786	0,6601571	0,7024052	0,9502801	0,5843208	0,7948103	0,1620986	0,9911711	0,1749862	0,3682514	0,5831415	0,1123832	1,0037775	0,2395675	0,6023094	0,8927186	0,2263288	0,8777212	0,4345316	0,8375704	0,2597241	0,2721972	0,6113042	0,5581067	0,9982043	0,5106339	0,9056733	0,7988078	0,4305267
40	0,7341485	0,5711140	0,4325627	0,3298556	0,6919594	0,6454723	0,2705226	0,8582316	0,6296251	0,2774065	0,1892333	0,2646958	0,5904947	0,3144617	0,6877383	0,7500019	0,6046055	0,7035553	0,0131453	0,0009530	0,1974177	0,3358412	0,0673594	0,1751365	0,5423839	0,7965367	0,6381562	0,4252411	0,0784707	0,2595268	0,4718302	0,0058631	0,6592774	0,3188062	0,6442190	0,5413991	0,7402302	0,6445182	0,9762188	0,6625503	0,7721545	0,1507455	0,9994985	0,1576038	0,5215166	0,5028380	0,0972847	1,0204007	0,1776738	0,6160199	0,9157618	0,2221020	0,8925980	0,4571310	0,9176098	0,3086539	0,2779277	0,6326114	0,5187641	0,9444272	0,5366769	0,8933593	0,5862641	0,4925861
60	0,7794280	0,6022610	0,3943910	0,3725329	0,6702908	0,7125670	0,2443050	0,8629025	0,5314819	0,2597687	0,1356440	0,1852245	0,6660667	0,2995770	0,7264993	0,8002416	0,5853937	0,7204636	0,0112424	0,0009475	0,1912775	0,3519774	0,0725220	0,1787408	0,4905518	0,7504487	0,6280661	0,4110156	0,0783310	0,2311695	0,5125593	0,0089404	0,6197586	0,3498515	0,7488100	0,7257173	0,7987383	0,6248584	1,0494068	0,7592113	0,7667091	0,1770422	1,0394595	0,1820751	0,6197200	0,5324292	0,0840087	1,0322768	0,1171679	0,6198405	0,9407041	0,2346571	0,9529889	0,4964866	0,9667087	0,2532573	0,3199741	0,5863037	0,5162967	0,9147228	0,6617723	0,8861807	0,6283563	0,4509084
80	0,7241434	0,6041836	0,4422058	0,3519195	0,5878787	0,6859576	0,2229593	0,8336470	0,5242538	0,2485739	0,1036718	0,1658759	0,6283017	0,2917162	0,7300483	0,7684115	0,6093351	0,7635642	0,0170140	0,0017786	0,1760019	0,3326552	0,0701531	0,1586973	0,4894777	0,8430804	0,6183862	0,3820943	0,0685829	0,1524702	0,4555456	0,0080576	0,6659850	0,3989996	0,8334384	0,8994627	0,8293771	0,5761076	0,9868547	0,8188202	0,8180494	0,1650743	1,0568817	0,1430217	0,6869928	0,4926664	0,0827923	1,0653078	0,0723637	0,5443756	0,9924212	0,2199934	0,9825513	0,5443986	0,9908959	0,2089684	0,3102677	0,5997689	0,5113105	0,9008448	0,7056598	0,8922525	0,6175224	0,3970404
100	0,6396880	0,6207308	0,4852168	0,2874410	0,5622322	0,7395287	0,2754158	0,8272490	0,4909119	0,3135250	0,1083782	0,1263775	0,5995863	0,2750756	0,6794011	0,8150541	0,5640722	0,7289647	0,0190613	0,0005060	0,1341655	0,3429418	0,0872697	0,1632002	0,4383093	0,8468602	0,5823236	0,3830710	0,0875360	0,1172710	0,4227418	0,0111238	0,5729388	0,3714605	0,8599777	0,9085617	0,8217998	0,5498390	0,9998279	0,6722630	0,7614228	0,1441610	1,0553358	0,1571996	0,7174956	0,4584711	0,0648274	1,0926768	0,0374737	0,4497135	0,9742850	0,2007842	0,9935641	0,5270924	0,9780501	0,2558341	0,2881242	0,5660594	0,4665205	0,9649736	0,7224424	0,9048293	0,7364292	0,4099147
120	0,6348624	0,5741961	0,4382382	0,2977973	0,5986491	0,7487801	0,2881288	0,7547778	0,4657989	0,3309535	0,1219040	0,1381559	0,6103855	0,2862167	0,7353073	0,8655187	0,5459827	0,7781365	0,0145524	0,0030505	0,1618825	0,3532131	0,0738188	0,1463955	0,4487909	0,8225871	0,5520804	0,3779318	0,1082629	0,0978804	0,3708698	0,0085981	0,6334108	0,4024759	0,8282976	0,9081321	0,7899610	0,5165136	0,9934734	0,7204642	0,7289047	0,1389245	0,8884567	0,1290177	0,7680369	0,4446840	0,0535278	1,0446977	0,0199996	0,3842850	1,0261400	0,2139054	0,9908989	0,4900694	0,9984687	0,3336349	0,3053098	0,5798746	0,4489458	0,9743184	0,7116517	0,8865700	0,6505199	0,3427866
140	0,6078110	0,5989697	0,3856184	0,3407493	0,5889353	0,7472868	0,2330975	0,7258506	0,4851817	0,3497634	0,1045939	0,1356033	0,5790743	0,2913913	0,8323535	0,9001100	0,5647405	0,7341761	0,0078479	0,0009006	0,1525882	0,3329111	0,0711036	0,1489815	0,4763765	0,8272417	0,5645131	0,4089239	0,1032081	0,0887713	0,3950329	0,0078446	0,6149695	0,4034338	0,8167263	0,9553418	0,7809522	0,4941030	1,0337097	0,7331843	0,7020403	0,1249342	0,9285857	0,1183408	0,7851158	0,3947626	0,0353935	1,0154131	0,0122398	0,3568606	1,0393355	0,2129727	1,0215295	0,4655701	0,9516124	0,3326281	0,2879913	0,5976024	0,4535037	1,0320465	0,7124170	0,9756600	0,7409993	0,2911562
160	0,5804231	0,5820712	0,3883944	0,3844384	0,6028086	0,7828470	0,2838860	0,7644868	0,4460898	0,3869081	0,0989108	0,1206759	0,6351550	0,3147875	0,7847812	0,8667463	0,5890458	0,7405766	0,0037523	0,0050369	0,1600490	0,3593878	0,0847751	0,1424494	0,4738930	0,8382696	0,5463982	0,3436543	0,0979440	0,0884592	0,3657762	0,0044783	0,6232060	0,4636827	0,8312222	0,9880861	0,7742450	0,4791009	1,1051944	0,6990688	0,7168889	0,1160259	1,0134039	0,1106569	0,8074226	0,4412660	0,0340547	1,0339320	0,0137082	0,3388651	1,0398334	0,2056081	0,9836228	0,4194086	0,8473235	0,3730939	0,2674437	0,5623531	0,4556317	1,0392777	0,7164067	0,9311271	0,6985653	0,2694560
180	0,5591058	0,6028284	0,4663921	0,3707855	0,5917283	0,7660074	0,2783906	0,7890615	0,5214620	0,3760040	0,0771967	0,1045997	0,6164406	0,2867144	0,6818572	0,8153285	0,5751606	0,7457780	0,0094857	0,0106032	0,1388279	0,3310384	0,0696866	0,1772561	0,4310918	0,8421286	0,5227691	0,3843076	0,1262578	0,0777378	0,3770937	0,0044933	0,5718269	0,4394236	0,8365853	0,9522099	0,7680238	0,4197123	1,1221247	0,7807377	0,7851468	0,0994683	0,9939202	0,1139044	0,7939864	0,4108778	0,0328105	1,0729766	0,0127183	0,3247810	0,9844753	0,2009927	1,0291892	0,3818157	0,8236112	0,3404635	0,2795928	0,5200963	0,4943220	1,0488586	0,7012803	1,0172141	0,7418379	0,3444785
200	0,6188679	0,5920847	0,4137969	0,3925068	0,5988415	0,8508916	0,2824825	0,7561832	0,5362643	0,3836457	0,0669652	0,1089491	0,6423115	0,2739694	0,7489403	0,8343649	0,5419969	0,7170960	0,0064343	0,0018848	0,1372886	0,3709767	0,0605963	0,2278951	0,4344806	0,8483327	0,5582310	0,3756429	0,0828884	0,0601490	0,4438284	0,0032885	0,6083248	0,4712544	0,8316764	0,9750536	0,8130438	0,3797847	1,0999440	0,8348938	0,8017834	0,1175367	1,0841496	0,0966078	0,8053463	0,3865754	0,0248045	1,0114930	0,0146388	0,2430701	0,9599430	0,1995004	1,0388992	0,3770086	0,8325971	0,3576229	0,2959999	0,4966871	0,4330842	0,9974176	0,7235442	0,9388286	0,7479154	0,3517604
220	0,6804091	0,6182989	0,4104264	0,3926436	0,5653759	0,8864703	0,3150684	0,7807527	0,5323625	0,3362114	0,0618862	0,1162677	0,6283260	0,2661210	0,6988965	0,7677542	0,5204243	0,7479606	0,0080399	0,0031471	0,1297278	0,3945771	0,0700343	0,1929922	0,4257691	0,8028940	0,5235561	0,4061625	0,0805334	0,0630933	0,4719283	0,0054025	0,6717868	0,4822627	0,7976800	0,9162689	0,7911894	0,4332006	1,0134462	0,7975627	0,7569394	0,1090224	0,9662294	0,0868933	0,8321433	0,4027817	0,0276270	1,0004334	0,0119886	0,2669147	0,8906671	0,1933781	1,0273936	0,4006676	0,8940245	0,3484853	0,2594709	0,5046293	0,4446762	0,9967944	0,6738710	0,9293858	0,7378542	0,2824868
240	0,6367348	0,6377278	0,3887913	0,3071725	0,5669685	0,8608748	0,3864149	0,7716168	0,4847973	0,3372415	0,0600620	0,1277997	0,6187107	0,2746387	0,6197862	0,7854588	0,4694290	0,7701652	0,0089593	0,0029689	0,1553188	0,3840324	0,0668872	0,2173183	0,4288517	0,8370713	0,5037384	0,3880256	0,1125694	0,0645970	0,4278798	0,0073578	0,6733450	0,4907916	0,8315769	0,9589453	0,8036007	0,4611218	1,0342674	0,8001258	0,7952318	0,1103887	0,9736609	0,0839082	0,8022598	0,3960887	0,0241779	1,0131358	0,0101819	0,2335221	0,9341536	0,1761819	1,0300896	0,4180708	0,9348333	0,3074106	0,2903699	0,5628288	0,4693652	0,9623219	0,7150953	0,9473020	0,7535631	0,3761577
260	0,6026607	0,6485205	0,4076403	0,2646978	0,5813000	0,8405700	0,2892065	0,8257328	0,5468888	0,3360908	0,0443896	0,1203554	0,6564732	0,3088490	0,6214032	0,7874958	0,4480124	0,7935893	0,0046351	0,0012380	0,1591178	0,3549764	0,0782271	0,2243469	0,4319047	0,8208280	0,4983583	0,4710011	0,0841839	0,0578786	0,4316097	0,0077188	0,6180414	0,5288780	0,8628472	0,9647242	0,7461817	0,4391536	1,0253358	0,7144741	0,7585508	0,1191866	0,9507962	0,0799940	0,8199162	0,3862740	0,0167666	1,0207033	0,0147414	0,1842745	0,8526126	0,1827734	0,9647387	0,4186131	0,9264298	0,2533006	0,2750241	0,5758129	0,5175010	1,0393697	0,7140974	0,9274291	0,6702964	0,3318017
280	0,6209836	0,6650269	0,4745751	0,2860194	0,5761402	0,8739403	0,2693620	0,7979734	0,5782238	0,3444642	0,0492164	0,1264895	0,6693388	0,2820067	0,6514610	0,8368014	0,5068811	0,7256024	0,0043349	0,0039258	0,1727169	0,3596164	0,0860764	0,2056503	0,4378387	0,8263923	0,5161097	0,4766707	0,0579445	0,0565269	0,4038416	0,0043666	0,5986600	0,5321940	0,8056657	0,9465081	0,7658488	0,4050473	1,0003249	0,7514688	0,7438658	0,1330830	0,9497132	0,1063328	0,8588275	0,3872530	0,0119697	0,9753042	0,0115121	0,2052804	0,8601299	0,1898374	0,9237618	0,4290246	0,9117096	0,2698341	0,2918223	0,5942636	0,5029330	1,0551076	0,7399752	0,8809756	0,6815754	0,3351838
300	0,6234948	0,6479483	0,4608133	0,3110464	0,5824814	0,8752427	0,2721868	0,8145311	0,5183364	0,3701669	0,0487725	0,1211851	0,5940611	0,2763221	0,7288630	0,8587049	0,5508960	0,7862988	0,0040276	0,0159713	0,1876791	0,3968146	0,0725602	0,1937996	0,4819079	0,8423170	0,5327199	0,4778924	0,0616835	0,0636207	0,3739829	0,0006800	0,6009740	0,4960479	0,8122729	0,9624974	0,7200579	0,4172364	0,9586685	0,7689522	0,7079063	0,1503467	0,9809347	0,1269177	0,8144178	0,4269320	0,0144155	0,9447613	0,0058687	0,1850362	0,8240559	0,2263483	0,9589778	0,4054138	0,9164193	0,3214691	0,2772205	0,6130387	0,4836077	1,1138818	0,7029532	0,9142190	0,6886877	0,3861936
320	0,6123548	0,6070975	0,4128722	0,3617397	0,5733071	0,9050430	0,2820728	0,7359279	0,5281073	0,4144868	0,0559062	0,1193395	0,6273168	0,2879327	0,7573391	0,8241670	0,6054616	0,8201023	0,0040237	0,0116362	0,1805905	0,3884115	0,0603155	0,1935278	0,4869207	0,8281850	0,5459830	0,4361755	0,0491181	0,0568558	0,3901517	0,0016247	0,6706895	0,5093238	0,8500162	1,0341526	0,7010019	0,4345661	0,9588288	0,7596395	0,6908682	0,1385145	1,0092959	0,1041119	0,8379095	0,4305669	0,0229298	0,9631113	0,0042755	0,1703140	0,8737837	0,2365226	0,8869881	0,3981204	0,9261680	0,2863023	0,2434515	0,5022396	0,4659003	1,0353784	0,6985676	0,9464498	0,7766686	0,3556953
340	0,6282801	0,5446134	0,3853928	0,3438080	0,5191162	0,8496410	0,2818263	0,6783529	0,5007348	0,4082364	0,0652777	0,0972502	0,5744705	0,2846058	0,7972497	0,8864505	0,6172512	0,8283055	0,0017555	0,0053566	0,1705008	0,3903324	0,0616645	0,1750884	0,5373029	0,8311495	0,5327125	0,4099318	0,0413153	0,0692741	0,3972808	0,0005103	0,6123089	0,4813254	0,8493565	1,0110262	0,7186895	0,4687307	0,9323676	0,7949271	0,6968624	0,1206728	1,0357589	0,0828801	0,8066352	0,4164509	0,0198149	1,0120699	0,0053441	0,1716827	0,8729190	0,2204925	0,9440300	0,3750544	0,9924196	0,3319997	0,2557207	0,4968003	0,4360661	1,0422492	0,7620464	0,9916451	0,7461759	0,3503836
360	0,6223552	0,5139594	0,4189666	0,3209774	0,4616714	0,7780240	0,3111825	0,7157559	0,5159909	0,4288564	0,0583435	0,1075377	0,5784995	0,2994402	0,7767340	0,8681091	0,6067530	0,7686698	0,0103895	0,0040461	0,1753285	0,4124897	0,0733082	0,1806536	0,5438589	0,7778729	0,5934656	0,4392594	0,0371308	0,0418104	0,3904307	0,0031776	0,6200235	0,4511811	0,8307916	0,9776059	0,7355448	0,4383328	0,9530322	0,7257490	0,7223274	0,1168298	0,9796038	0,0893404	0,8272815	0,4040224	0,0254914	1,0170356	0,0035181	0,1967350	0,9513938	0,2172461	0,9592554	0,3482137	0,9289401	0,2988216	0,2155922	0,5154302	0,4616234	0,9407866	0,7586569	0,9283223	0,7125632	0,3175546
380	0,5745284	0,5206962	0,4631865	0,2863346	0,5020604	0,7786605	0,3405063	0,7409116	0,5510035	0,4346474	0,0648823	0,0968636	0,5608834	0,2828518	0,7241036	0,8717014	0,6064434	0,7247841	0,0126939	0,0004623	0,2117839	0,3869338	0,0500412	0,1887295	0,5009899	0,7840375	0,5758592	0,4694389	0,0543313	0,0574498	0,3676024	0,0048703	0,6379247	0,4599576	0,8375226	0,9397233	0,7833478	0,4532912	1,0272634	0,7170049	0,6632888	0,0983399	0,9277704	0,0889024	0,7891248	0,4093612	0,0221435	1,0544995	0,0002043	0,1861624	1,0104297	0,2330471	0,9388361	0,3634166	0,9377257	0,2912679	0,2475008	0,5536976	0,4530752	0,8681622	0,7373431	0,9775312	0,6526661	0,3591542
400	0,6009820	0,5786300	0,3970471	0,3042656	0,5044708	0,8611431	0,2938029	0,7065266	0,5628452	0,4013269	0,0774808	0,1222013	0,5334937	0,2936484	0,8028546	0,8646627	0,5763830	0,6620913	0,0042728	0,0001060	0,2026994	0,3404347	0,0481312	0,1794680	0,4215978	0,7815151	0,5623502	0,4691189	0,0579846	0,0631880	0,3370927	0,0061187	0,6103877	0,4586891	0,8234516	0,9727929	0,7895567	0,4488482	0,9327922	0,8210475	0,6755093	0,1222311	0,9097889	0,0786332	0,7675309	0,4270522	0,0180408	1,0754793	0,0025271	0,1867210	0,9628508	0,2321030	0,9971517	0,3570444	0,9476863	0,2896542	0,2961282	0,5341536	0,4728524	0,8884790	0,6600803	0,9230887	0,7249793	0,3670359
420	0,6022344	0,6148384	0,4070278	0,2659646	0,4837207	0,8624919	0,2938381	0,6932305	0,5745848	0,3167676	0,0828765	0,1205677	0,5707167	0,2784629	0,7351591	0,8615876	0,5505269	0,7534215	0,0010835	0,0019358	0,2173401	0,3303605	0,0718827	0,1866848	0,4231016	0,8236149	0,5675830	0,4643001	0,0759239	0,0618762	0,4005802	0,0073660	0,6068654	0,4168886	0,8279135	0,9405013	0,8173629	0,4855041	0,9687184	0,8078845	0,7009305	0,1515289	0,9326967	0,0627886	0,8239240	0,4150149	0,0191037	1,0592786	0,0021293	0,1987346	0,9213469	0,2103319	0,9138698	0,3466490	0,9375883	0,2896736	0,2564775	0,5713296	0,5000554	0,9317157	0,6585058	0,9082925	0,7341015	0,3714628
440	0,6640161	0,6360665	0,4638514	0,2408353	0,5555455	0,8685837	0,2462879	0,7433838	0,5970706	0,3128660	0,0685491	0,1176015	0,5877095	0,2849260	0,7536730	0,8868476	0,6167112	0,7440238	0,0017130	0,0031354	0,2216042	0,3320219	0,0447209	0,1648563	0,4296763	0,7874092	0,5216227	0,4888773	0,0737615	0,0847916	0,4382521	0,0057836	0,6148194	0,3969944	0,8224901	0,9172544	0,8148867	0,4612764	0,9482315	0,7672612	0,7575860	0,1461185	0,9001349	0,0581753	0,7942120	0,3960484	0,0250628	1,0273855	0,0049836	0,1811038	0,9518313	0,1982691	0,8307224	0,3398294	0,8866075	0,2716362	0,2239264	0,5198728	0,4723767	0,8998286	0,6672176	0,9629925	0,7972697	0,3074973
460	0,6603657	0,6033164	0,4710505	0,2361194	0,5195825	0,9190623	0,2719821	0,7082951	0,5621190	0,2983245	0,0619418	0,1102373	0,5163172	0,2737585	0,7352826	0,8854059	0,5572716	0,7029181	0,0074657	0,0053299	0,1891666	0,3566066	0,0648503	0,1691471	0,4449716	0,7522465	0,5090458	0,4509996	0,0711962	0,0747257	0,3904124	0,0013008	0,6136465	0,4011772	0,8037990	0,9845855	0,8197958	0,5274402	0,9448986	0,7863361	0,7448204	0,1411361	0,9687090	0,0684469	0,7583553	0,3924556	0,0225480	1,0279894	0,0039531	0,1809974	0,9454289	0,1387631	0,9334279	0,3498234	0,9168651	0,2740000	0,2346109	0,5767177	0,4994341	1,0020829	0,6825855	0,9472773	0,6881460	0,3519317
480	0,6070774	0,6147211	0,4549137	0,1966428	0,5111726	0,9052895	0,3061742	0,7735242	0,5514486	0,2709465	0,0639044	0,1132234	0,5482616	0,2870693	0,7044019	0,8821565	0,5148672	0,7385750	0,0120902	0,0054563	0,1886633	0,3561522	0,0924751	0,2000528	0,4304678	0,8059528	0,5238129	0,4825548	0,0938194	0,0592959	0,3669235	0,0027183	0,6205656	0,3913916	0,8617619	0,9611904	0,7338595	0,4984899	1,0123344	0,8437951	0,7566371	0,1665177	0,9388434	0,0588306	0,7764916	0,3977426	0,0116786	1,0088304	0,0013738	0,2082242	0,9363588	0,1490121	0,9335254	0,3530228	0,9229590	0,2485722	0,2291772	0,5533688	0,4694298	1,0307419	0,6880101	0,8337815	0,7006022	0,3679130
500	0,6191940	0,6153890	0,4015426	0,2620038	0,5566119	0,9441623	0,2681493	0,8738626	0,5198021	0,2853855	0,0551088	0,1068958	0,5372477	0,2988983	0,7530663	0,8861590	0,5034040	0,6669628	0,0120908	0,0001649	0,1794087	0,3356334	0,0690671	0,1772909	0,3785900	0,8264716	0,4591136	0,4525871	0,0792824	0,0672383	0,3591479	0,0001673	0,5864274	0,4153841	0,8682728	0,9066624	0,7222137	0,4647246	0,9352434	0,7679210	0,7271481	0,1379468	1,0016002	0,0680065	0,7300575	0,4200942	0,0193332	1,0551911	0,0029047	0,2202594	0,9207542	0,1723987	1,0528392	0,3329041	0,9449776	0,2172577	0,2213730	0,5486744	0,4639808	0,9893548	0,7387496	0,7393236	0,6896371	0,3746725
520	0,6581842	0,6115140	0,4107032	0,2711734	0,5395627	0,9485546	0,2862362	0,8364284	0,5230452	0,3521117	0,0573090	0,1023483	0,5702058	0,2734537	0,6992037	0,9123439	0,5547656	0,7314727	0,0150449	0,0052027	0,2080792	0,3266305	0,0542138	0,1712194	0,4148866	0,8717969	0,4582530	0,4646305	0,0480647	0,0565901	0,3803792	0,0005854	0,5433643	0,4436447	0,8471028	0,9647997	0,6506742	0,3826094	0,9371405	0,7866502	0,6878127	0,1181447	0,9483799	0,0654043	0,7282922	0,4012910	0,0202090	0,9712243	0,0055445	0,1956905	0,9507630	0,2084865	1,0528637	0,3234278	0,9386526	0,2548789	0,2943682	0,5854716	0,4106316	0,9311865	0,7909804	0,7509629	0,7094222	0,3308808
540	0,6403348	0,5617413	0,4227002	0,3101072	0,5399748	0,9123161	0,3245332	0,7924352	0,5958988	0,3338666	0,0471538	0,0954794	0,5851766	0,2674273	0,7335359	0,9108304	0,5809472	0,7607566	0,0101659	0,0025018	0,2247500	0,3311837	0,0561092	0,1880187	0,4399004	0,8279168	0,4856424	0,4698762	0,0832974	0,0479232	0,3728047	0,0018070	0,5901115	0,4444370	0,8167982	0,9674928	0,7140503	0,3840435	0,9163507	0,7986192	0,7697477	0,1118213	0,9645788	0,0720063	0,7681082	0,4155902	0,0177531	1,0164465	0,0042623	0,1793295	0,9004646	0,2049199	1,0266695	0,3955221	0,8758489	0,2880755	0,2694094	0,5516879	0,4812927	0,9615772	0,7506299	0,8057116	0,6663835	0,3250859
560	0,6682452	0,6186967	0,4497159	0,2553835	0,5758467	0,9444364	0,2719889	0,6924438	0,6094578	0,3482675	0,0529757	0,1087550	0,6076828	0,2555417	0,7296665	0,8623501	0,5451071	0,7784164	0,0062075	0,0011779	0,2348617	0,3157141	0,0520564	0,1812561	0,4365099	0,7803422	0,5082828	0,4500900	0,1024133	0,0621533	0,3931846	0,0021722	0,6528931	0,4524357	0,7940608	0,9672037	0,7608275	0,4496224	0,8938327	0,8350030	0,7244470	0,1117775	0,9336602	0,0743235	0,7643435	0,3954137	0,0159802	1,0060142	0,0034310	0,1665848	0,8992719	0,1895846	0,9994374	0,4207925	0,7832980	0,2766593	0,2729587	0,5426947	0,4905146	0,9996783	0,7222848	0,8039784	0,7148976	0,3818410
580	0,6700525	0,6176795	0,4705641	0,2937455	0,5953473	0,8939489	0,4734416	0,7265683	0,5755323	0,3654012	0,0596263	0,4342728	0,6196610	0,3065235	0,7402009	0,7920690	0,5766179	0,8115330	0,0115400	0,0019095	0,2471958	0,3372535	0,0599930	0,2128901	0,5395619	0,7703814	0,6831718	0,4297013	0,1051162	0,0559385	0,3611768	0,0006490	0,6240313	0,4917135	0,5985958	0,6680974	0,5359055	0,5423043	0,9631036	0,4633140	0,7298446	0,1145385	0,9039586	0,0814237	0,5662314	0,3885634	0,0292506	0,9675494	0,1134043	0,1709042	0,9349324	0,2047062	0,8219558	0,3957321	0,8273298	0,3128644	0,2550721	0,5038506	0,5954333	1,0637413	0,6073218	0,7883598	0,7144410	0,3502845
600	0,6994953	0,6404817	0,5235328	0,2546401	0,6371418	0,9343884	0,5457226	0,7631170	0,4951887	0,4126972	0,0623062	0,5878571	0,6118523	0,2893960	0,7078607	0,7751931	0,5389447	0,8034646	0,0063782	0,0000000	0,2231520	0,2995173	0,0736963	0,2336111	0,6362778	0,7770159	0,8392879	0,4249024	0,0890256	0,0606408	0,3366383	0,0006958	0,6142580	0,4719575	0,4505210	0,4136609	0,4835458	0,4875954	0,9718201	0,2779435	0,7237561	0,1059219	0,8920536	0,0844238	0,4871099	0,3762888	0,0186002	1,0289277	0,2417055	0,1602511	0,9540988	0,1854297	0,7602226	0,4033501	0,8571591	0,2466958	0,2445607	0,5142858	0,5693680	1,0041567	0,5868431	0,8231107	0,7178948	0,3252313
620	0,6638574	0,6747606	0,5959239	0,2524480	0,6142021	0,9152844	0,5781821	0,7695458	0,4918321	0,3944606	0,0785212	0,6156368	0,5524041	0,2743333	0,6644233	0,7619653	0,6069217	0,8045298	0,0073851	0,0032673	0,2065418	0,3216371	0,0557240	0,2108112	0,6980435	0,7180276	0,8960419	0,5037622	0,0640662	0,0501572	0,4009110	0,0000187	0,6410213	0,5021800	0,3679268	0,2635966	0,4216982	0,5172043	0,9841908	0,1614078	0,6642418	0,1051921	0,9170144	0,0870522	0,3823317	0,4075889	0,0099126	0,9483774	0,2650256	0,1379162	0,9671309	0,2003209	0,7716981	0,3718317	0,8695300	0,3028734	0,2535907	0,5478265	0,5494410	1,0470173	0,6165393	0,8307629	0,5988309	0,3676956
640	0,6248694	0,6891670	0,5057185	0,3153639	0,6199049	0,8565081	0,5380018	0,7486711	0,5172886	0,4081167	0,0757028	0,5463561	0,6191255	0,3178404	0,7247401	0,8061911	0,5745270	0,7809028	0,0076542	0,0019828	0,2508740	0,3573285	0,0651086	0,1919956	0,6917833	0,7710341	0,9317466	0,5529769	0,0574445	0,0772861	0,4047230	0,0004522	0,6391121	0,5148321	0,3108654	0,1643011	0,3742537	0,5256197	1,0088772	0,1266940	0,7109074	0,1143150	0,9608791	0,0955891	0,3218229	0,3855303	0,0143606	0,9712384	0,2798813	0,1172074	0,8868583	0,1917495	0,6962862	0,2942502	0,8523997	0,3550009	0,2411855	0,5138149	0,5508400	1,0532751	0,5461353	0,8033218	0,6887906	0,3630263
660	0,5977796	0,6850083	0,4836619	0,4170948	0,7446692	0,8358180	0,4476391	0,6888638	0,5022768	0,4934183	0,0877164	0,5781648	0,5712424	0,3052319	0,7252177	0,7888830	0,5654641	0,7805390	0,0062581	0,0015005	0,2801013	0,3411214	0,0540253	0,2320578	0,6645376	0,7015860	0,8547617	0,5499936	0,0650592	0,0883626	0,4223485	0,0030234	0,5865306	0,4704003	0,2852672	0,1148573	0,3860933	0,4971246	0,9556473	0,1044805	0,7207916	0,1569825	0,9757733	0,1187517	0,2814764	0,4102529	0,0105998	0,9621853	0,3142323	0,1333802	0,9085501	0,2061373	0,6666870	0,3127245	0,9268196	0,3327829	0,2606718	0,5159092	0,5393817	1,0477556	0,5220589	0,7529765	0,7364308	0,3509320
680	0,6026656	0,6547578	0,4648867	0,3647785	0,7169174	0,8389883	0,4768185	0,6958210	0,4931697	0,4954154	0,1082382	0,5666036	0,5370961	0,2920303	0,6519374	0,7616550	0,5762573	0,7756372	0,0080046	0,0017047	0,2585720	0,2810422	0,0559953	0,2245307	0,7224471	0,7713381	0,8696408	0,5639580	0,0856148	0,1027644	0,3719035	0,0017186	0,5853362	0,4519011	0,2918994	0,0786878	0,4064433	0,4893714	0,9928840	0,0967888	0,7817897	0,1768357	0,9672489	0,1024006	0,2951996	0,3784129	0,0128326	0,9644841	0,3398462	0,1744516	0,9494258	0,2037019	0,7296314	0,3257092	0,8889263	0,3084742	0,2372916	0,5162625	0,5484616	0,9623571	0,4970695	0,7614432	0,7921084	0,3772841
700	0,5719376	0,6094600	0,4926521	0,4467781	0,7706662	0,8965839	0,4680869	0,7190877	0,4946135	0,4807776	0,1356055	0,6022325	0,5494827	0,2782307	0,6923519	0,7578368	0,5595232	0,7751570	0,0091884	0,0003945	0,2555682	0,2912812	0,0692258	0,2586172	0,7113833	0,8251476	0,9287071	0,5497096	0,0728361	0,1133548	0,4092577	0,0025468	0,5891951	0,4702060	0,3195833	0,0460542	0,4043675	0,5682377	0,9145387	0,1136854	0,7626453	0,1862721	1,0235943	0,1129256	0,2332085	0,3921043	0,0209872	0,9910311	0,3634710	0,1923197	1,0025711	0,1603215	0,7739246	0,2652665	0,8226065	0,2951388	0,2403714	0,5369224	0,5574499	0,9414568	0,4852194	0,8468941	0,8275194	0,3337486
720	0,5753738	0,6299929	0,5394894	0,4148761	0,8200252	0,8573003	0,4611002	0,7471486	0,4925565	0,4719037	0,1518534	0,6166716	0,5504800	0,2770576	0,7324994	0,8266112	0,5017579	0,7339976	0,0131185	0,0037063	0,2276714	0,2879378	0,0644890	0,2405368	0,7939750	0,8665787	0,8824499	0,5559908	0,0984767	0,1773893	0,4493817	0,0014975	0,5797965	0,5048602	0,3221369	0,0465949	0,4710865	0,6611387	0,8953998	0,1532928	0,7504534	0,1688500	0,9624471	0,1395462	0,2489223	0,4129386	0,0306347	1,0094078	0,3619992	0,3041604	0,9208765	0,1746330	0,8020270	0,2650982	0,7868919	0,2972911	0,2645868	0,4598229	0,5870181	0,9000016	0,4911826	0,7909491	0,8364342	0,3217473
740	0,6367565	0,5891182	0,5302666	0,3616762	0,8541632	0,7236711	0,4820378	0,7431154	0,5024434	0,4035400	0,1829111	0,6292341	0,5084238	0,2694186	0,7111489	0,8408789	0,5701191	0,7669478	0,0164211	0,0041722	0,2047994	0,2653575	0,0710905	0,2178212	0,8043814	0,8730744	0,9047499	0,5286076	0,1109991	0,2494810	0,4862169	0,0015985	0,5794526	0,5000539	0,3054338	0,0448932	0,4962840	0,7372426	0,9191713	0,2172327	0,7551788	0,1855011	0,9948892	0,1253989	0,2569474	0,4439400	0,0444700	1,0210067	0,3953581	0,3787425	0,8472433	0,1660693	0,7629685	0,3104358	0,8436533	0,3278768	0,2628476	0,4844459	0,5165240	1,0542774	0,4811638	0,7949165	0,7687957	0,3948860
760	0,6378385	0,6207217	0,5941364	0,3288702	0,8338768	0,7091963	0,4830149	0,7008423	0,5633289	0,3720699	0,1954246	0,6084320	0,4962555	0,2845230	0,6902234	0,8280145	0,6284246	0,8219260	0,0174292	0,0040234	0,2002658	0,2937305	0,0665875	0,2288278	0,8031742	0,8612087	0,9371982	0,4359356	0,0877657	0,2440152	0,4808700	0,0014926	0,5943056	0,4604716	0,3362250	0,0314967	0,5083570	0,7385733	0,9504771	0,2790377	0,7487382	0,1932763	0,9669950	0,1265272	0,2348807	0,4961136	0,0681730	1,0275246	0,3730030	0,4070012	0,8073160	0,1843852	0,7564978	0,3348985	0,8666810	0,2990430	0,2474674	0,5058141	0,5601047	1,0221241	0,4591300	0,7852657	0,7226620	0,3880238
780	0,6706519	0,6626824	0,5965060	0,3713734	0,7758109	0,6881835	0,4851055	0,7355868	0,5089038	0,3998097	0,2058216	0,5645568	0,5143441	0,2899479	0,7017062	0,7722863	0,6424826	0,8058981	0,0126394	0,0010926	0,2027717	0,2767136	0,0442558	0,2533522	0,7879539	0,8113659	0,9534924	0,4571528	0,1227001	0,2921608	0,5050891	0,0011140	0,5788471	0,4457503	0,3378275	0,0342356	0,5542609	0,7356123	0,9800280	0,3445606	0,7578482	0,2043851	1,0203892	0,1939912	0,2474891	0,4822986	0,1116929	1,0840988	0,4051513	0,4733840	0,8259402	0,2041091	0,7505598	0,3839311	0,8742923	0,2337727	0,2371959	0,6245220	0,6443298	1,0392559	0,4326923	0,7506628	0,7252264	0,3874633
800	0,7016737	0,6555862	0,5920550	0,4137791	0,7808947	0,6423913	0,3990519	0,7568020	0,5087872	0,3477794	0,2160968	0,5234515	0,5835071	0,2657272	0,7514858	0,7462320	0,6177592	0,8047154	0,0124447	0,0041193	0,2135455	0,2837106	0,0621409	0,2349178	0,7327324	0,8123776	0,9957855	0,4865267	0,0889257	0,2911507	0,5000171	0,0041734	0,5750222	0,4152133	0,3228399	0,0513046	0,5314261	0,7470751	0,9973599	0,3098797	0,7660564	0,1978015	1,0193778	0,1883686	0,2512564	0,4816295	0,0686448	1,0734950	0,3953727	0,4738942	0,8220888	0,2427205	0,7651491	0,3593191	0,8840060	0,2781380	0,2493059	0,6358719	0,6590767	1,0125689	0,4970736	0,7841513	0,6695928	0,3369900
820	0,7543146	0,6074636	0,5199408	0,4364464	0,8196080	0,5680413	0,4290356	0,8228721	0,5373714	0,3482366	0,1971055	0,5623996	0,5985268	0,2769511	0,7835799	0,8006561	0,6090836	0,7799101	0,0180192	0,0022315	0,1868302	0,2998534	0,0595622	0,2203498	0,7466096	0,7731059	0,8996699	0,4672043	0,0714222	0,2303432	0,4884364	0,0035143	0,5245372	0,3436356	0,3254653	0,0490058	0,5207099	0,6644530	0,9955149	0,2659080	0,7533013	0,1481615	0,9771089	0,2029754	0,2471231	0,5158663	0,0768095	1,0350442	0,3835610	0,4986879	0,8802057	0,2124187	0,7506725	0,3564049	0,8437879	0,2994116	0,2510924	0,5963022	0,5978424	1,0205554	0,4924646	0,8098091	0,5612698	0,3343583
840	0,6612296	0,6250311	0,4935210	0,5008604	0,8402761	0,5286276	0,4221125	0,8217880	0,5187590	0,3742673	0,2344906	0,5529656	0,6104136	0,2885017	0,7973680	0,7763056	0,5769414	0,8686439	0,0180796	0,0069661	0,1739766	0,3317405	0,0755388	0,2200314	0,7097859	0,7739731	0,9291599	0,4075566	0,0719964	0,2334176	0,4243532	0,0067406	0,5381805	0,3389579	0,3580878	0,0483805	0,4911379	0,7296424	0,9928457	0,2289519	0,7603148	0,1494218	0,9323539	0,1935428	0,2261907	0,5197392	0,0931460	1,0725483	0,3649266	0,4793771	0,9047948	0,1998231	0,7173269	0,3285104	0,8238059	0,3037184	0,2236383	0,5816177	0,5930944	0,9621551	0,5446495	0,7903609	0,5484619	0,3758811
860	0,6636116	0,6138540	0,4853722	0,5095038	0,8636683	0,6044450	0,4972953	0,7166329	0,4733890	0,4340438	0,2114506	0,5617308	0,6142552	0,2804879	0,7835856	0,7405010	0,5734444	0,8068175	0,0132749	0,0082784	0,1845812	0,3683705	0,0554341	0,1959728	0,7330496	0,7737747	0,9166895	0,3822696	0,0901405	0,2414829	0,3952815	0,0022160	0,5826316	0,3268727	0,3518239	0,0570376	0,5245479	0,7158975	0,9627582	0,2315922	0,8015272	0,1307730	0,9521424	0,1824454	0,2131376	0,5422627	0,1229132	1,0281686	0,3479034	0,5581145	0,9473712	0,2244773	0,7957572	0,3810273	0,9308784	0,3139179	0,2860045	0,6089796	0,5854909	0,9767201	0,5679896	0,8743863	0,4881199	0,3447858
880	0,6112868	0,6210426	0,4705111	0,5559187	0,8478606	0,6478070	0,5519970	0,7107702	0,4563278	0,5084470	0,2311878	0,5167202	0,5700515	0,2577033	0,7472373	0,7230860	0,5545275	0,7596102	0,0118439	0,0109431	0,2362987	0,3378387	0,0552052	0,1775003	0,6905243	0,7047048	0,9659998	0,4225920	0,0741339	0,2492724	0,3525374	0,0079738	0,5570745	0,3559725	0,3258838	0,0562513	0,4999353	0,7098179	1,0331057	0,2972506	0,7521387	0,1565925	0,8995014	0,2090897	0,1835149	0,5514814	0,1298457	1,0229936	0,3311187	0,6425691	0,9734904	0,2080683	0,7533855	0,3253176	0,8720378	0,2884270	0,2806361	0,5594062	0,5335311	1,0642711	0,5565545	0,8669971	0,5465108	0,4059347
900	0,6235546	0,6031990	0,5305221	0,5239854	0,8286595	0,6327869	0,4606504	0,7337531	0,4588252	0,5167578	0,2511657	0,5842231	0,5418606	0,2556228	0,6848867	0,7184781	0,5602917	0,7171591	0,0045333	0,0038982	0,2164629	0,3254065	0,0717307	0,1725097	0,7021402	0,7549431	0,9321399	0,4367158	0,0529409	0,2810426	0,3833464	0,0075354	0,4965979	0,3649054	0,3239376	0,0444996	0,5207187	0,6770203	0,9982248	0,2984232	0,7907865	0,1688567	0,9109192	0,1953356	0,1538328	0,5472958	0,1416421	1,0563831	0,3071070	0,6771783	0,9498584	0,2185372	0,7294378	0,3439408	0,9150449	0,2862576	0,2667786	0,5931906	0,5646283	0,9775342	0,5577165	0,8198240	0,5530618	0,4186570
920	0,6274103	0,6245064	0,5896197	0,4434333	0,8426712	0,6192865	0,4914735	0,6950847	0,4923490	0,4727896	0,1895211	0,5514419	0,5719263	0,2771685	0,6871312	0,7666621	0,6155592	0,7645476	0,0122062	0,0044161	0,1966454	0,3363279	0,0571353	0,1687725	0,7126945	0,7444650	0,9121177	0,4284642	0,0643155	0,2488863	0,3867864	0,0018866	0,5228657	0,3258531	0,3488582	0,0440353	0,5370207	0,6561709	0,9959654	0,2988993	0,7910362	0,1552243	0,9380443	0,1870077	0,1624393	0,5661268	0,1341619	1,0699261	0,3465722	0,6726038	0,8975848	0,2259845	0,7796442	0,3194256	0,8614369	0,2703013	0,2382507	0,5409184	0,6520547	0,9555859	0,5327497	0,8440036	0,6841117	0,4903339
940	0,5942078	0,5791730	0,5887489	0,4364111	0,8171830	0,6218366	0,5128062	0,7016240	0,5388722	0,4015588	0,2585876	0,5718160	0,6209993	0,2881163	0,6757794	0,7926373	0,5878785	0,8052792	0,0045271	0,0056048	0,1730218	0,3724120	0,0664311	0,1602672	0,7048682	0,7052682	0,8791509	0,3768990	0,0869301	0,2114705	0,4331331	0,0002181	0,5249815	0,3386122	0,4197056	0,0417159	0,5516999	0,6825801	0,9371430	0,3171733	0,7733726	0,1653888	0,9431764	0,2241194	0,1734817	0,5835603	0,1504251	1,0356913	0,3636898	0,6145616	0,9484419	0,2239968	0,7920269	0,2929358	0,8788337	0,2612913	0,2372593	0,5306329	0,7027888	0,9115338	0,4830946	0,8189102	0,7180701	0,4665948
960	0,6632787	0,6017600	0,5737339	0,4481456	0,7605920	0,6298338	0,4993181	0,7562331	0,5432208	0,3729421	0,2380748	0,5770432	0,5482017	0,2944033	0,6510549	0,8302759	0,5421205	0,7929050	0,0070328	0,0001492	0,1704654	0,3535854	0,0469806	0,1697016	0,7203652	0,7128657	0,9239502	0,4172762	0,0984006	0,2606160	0,4235704	0,0003940	0,5563645	0,3614897	0,4061372	0,0497981	0,5054297	0,6263635	0,8618932	0,3273770	0,7240406	0,2000461	0,9656231	0,2274666	0,1993163	0,5755622	0,1407264	1,1239944	0,3941516	0,6612674	0,9217612	0,1910138	0,8229028	0,3049882	0,9258399	0,2302803	0,2550534	0,5524186	0,6760314	0,9628588	0,4506684	0,8709509	0,6784604	0,3859984
980	0,6878407	0,6423601	0,6063166	0,4065463	0,7831076	0,6488499	0,5887213	0,7862810	0,5666952	0,3599531	0,2212712	0,5515925	0,5421154	0,3204249	0,6413890	0,8073259	0,5691409	0,7521957	0,0130325	0,0019819	0,1878603	0,3157821	0,0753059	0,1417317	0,7424040	0,7603256	0,9158660	0,4830870	0,0915801	0,2649537	0,4262329	0,0014693	0,5657479	0,3784000	0,3749906	0,0460197	0,5688999	0,6078464	0,9480905	0,3479975	0,8169283	0,2016911	0,9568066	0,2108820	0,2102594	0,5637269	0,1648248	1,0856360	0,3822597	0,6180534	0,9512916	0,1905978	0,7258894	0,2784350	0,9533188	0,2284526	0,2538458	0,5566316	0,6360216	0,9885540	0,4392446	0,8864456	0,6630179	0,3760787
1000	0,6089759	0,6293392	0,5039463	0,4237670	0,7722637	0,6690946	0,5339949	0,7156126	0,6052160	0,3942862	0,2034090	0,5381851	0,5581652	0,3475383	0,6446948	0,8092962	0,5186100	0,7399708	0,0102711	0,0027775	0,1879566	0,2764851	0,0573729	0,1507313	0,7411060	0,7648054	0,9095776	0,4862972	0,0782832	0,2994865	0,3912169	0,0001703	0,5363251	0,3441748	0,4105013	0,0387938	0,5755310	0,6063928	0,9909146	0,3452787	0,7194253	0,1917518	0,8974133	0,1763345	0,2299014	0,5401206	0,1605389	1,0254292	0,4127443	0,6200923	0,9204024	0,1774299	0,7464241	0,3254048	0,9529555	0,2820217	0,3487268	0,5335022	0,5858308	0,9439619	0,4560891	0,8210991	0,6333743	0,3774637
1020	0,6445541	0,6368971	0,5390076	0,4169573	0,7919027	0,6856570	0,5161587	0,7447772	0,5558950	0,3800806	0,2253149	0,5737378	0,5507361	0,3364351	0,6303041	0,8766946	0,5859140	0,7962257	0,0073211	0,0030220	0,1880422	0,2759860	0,0715047	0,1705681	0,7451136	0,7188732	0,8906034	0,4595477	0,0829132	0,2634616	0,3984873	0,0044591	0,5423968	0,3295977	0,4109318	0,0457863	0,5357172	0,6253766	1,0439312	0,2864209	0,6877834	0,2037741	0,9566256	0,1719400	0,1946258	0,5575063	0,1205512	1,0820887	0,3997906	0,5655480	0,8599749	0,2191027	0,7179348	0,3317913	0,9546442	0,2615856	0,3088620	0,4958836	0,5840474	0,9495449	0,4610793	0,8298162	0,6292238	0,3869143
1040	0,6563673	0,5958687	0,4783036	0,4249485	0,8059015	0,7266305	0,4593793	0,8249644	0,5699023	0,4143532	0,2026159	0,5636898	0,5476414	0,2944746	0,7616283	0,8290157	0,6196500	0,8414396	0,0165552	0,0055701	0,1995651	0,2963905	0,0534902	0,1756972	0,7488498	0,7653473	0,9145421	0,4524214	0,0818838	0,2381665	0,3936303	0,0047574	0,6171365	0,3905260	0,3385287	0,0416559	0,5598112	0,6199795	0,9749728	0,2951665	0,6800511	0,2181269	0,9946934	0,1840906	0,2000019	0,5661239	0,1102240	1,0862375	0,4361297	0,6265517	0,8874866	0,1967747	0,7262975	0,2996474	1,0047890	0,2824908	0,2753957	0,5019784	0,5749602	0,9748479	0,4845139	0,8155798	0,6612460	0,4649152
1060	0,6897555	0,6208257	0,4819219	0,4208240	0,8146327	0,6996754	0,4769532	0,7420107	0,5247934	0,4400307	0,2062490	0,5126542	0,5451203	0,2433557	0,7479396	0,8713297	0,6321734	0,7553002	0,0213281	0,0033849	0,2037814	0,3077423	0,0662696	0,1527971	0,7078258	0,7834325	0,8773721	0,4745281	0,0842909	0,2350197	0,4074840	0,0081610	0,5926395	0,3891801	0,3587579	0,0412281	0,5869019	0,6038754	0,9094369	0,3149290	0,6833610	0,2123560	0,9775757	0,2127648	0,1905146	0,5760516	0,1068576	1,0135845	0,3965633	0,6038581	0,8493125	0,2111672	0,7790781	0,3066484	0,9387415	0,2569134	0,2700161	0,5132654	0,5414441	0,9842911	0,4720306	0,7681653	0,6143452	0,4053813
1080	0,7382378	0,6241913	0,5079442	0,4549143	0,8481591	0,6800245	0,4630881	0,7513324	0,4720393	0,4386564	0,1750502	0,5353684	0,5708566	0,2635338	0,7501188	0,8537342	0,6073488	0,7270423	0,0202952	0,0036936	0,1895472	0,2995578	0,0555922	0,1293634	0,7671592	0,7208866	0,8955558	0,4848146	0,0677453	0,2805741	0,3899012	0,0107815	0,5898393	0,4003604	0,3633687	0,0630457	0,5733037	0,6979558	0,9258802	0,3105000	0,7329827	0,2094080	0,9979710	0,2183122	0,2037987	0,5730724	0,1071540	0,9303058	0,3811115	0,6706239	0,8574953	0,1853596	0,7616035	0,3551126	0,9146803	0,2914322	0,2688870	0,5302886	0,5825200	1,0235558	0,4394008	0,7865471	0,5818219	0,3554589
1100	0,7156174	0,6077874	0,5153259	0,4556599	0,7866625	0,6542587	0,4808649	0,7796705	0,4697248	0,4082270	0,1820702	0,5447694	0,5704007	0,2858154	0,7617579	0,8651721	0,6212348	0,7391968	0,0107415	0,0021807	0,1877408	0,3197792	0,0452832	0,1501934	0,7918914	0,7315309	0,8913225	0,5189142	0,0760172	0,2531317	0,3963230	0,0097106	0,5932643	0,3700728	0,3494442	0,0723815	0,5595605	0,7095368	0,9092408	0,2705834	0,8399131	0,1962413	0,9857036	0,1986959	0,1844547	0,6051180	0,1072696	0,9955269	0,3604182	0,6702774	0,8665407	0,1920547	0,7533308	0,3792629	0,9035053	0,2894376	0,2750403	0,5399650	0,5272157	0,9837128	0,4190555	0,8379253	0,5382369	0,3925095

0	0,5395862	0,6767542	0,5439019	0,5091957	0,8312002	0,6706050	0,4418857	0,6624448	0,4522177	0,5596729	0,1998400	0,5221288	0,6180368	0,3324114	0,7490338	0,7839795	0,5346745	0,7404448	0,0157864	0,0017709	0,2085649	0,2835339	0,0761841	0,1848712	0,7618372	0,7731345	0,9429673	0,4210163	0,0798527	0,2546479	0,4328205	0,0005026	0,5941943	0,4544619	0,3352314	0,0451189	0,5561952	0,7068761	1,0445583	0,2919150	0,7761423	0,1838384	0,9700039	0,1743543	0,2309267	0,5267793	0,0972665	1,0675199	0,4866894	0,6314319	0,9584337	0,1883482	0,7688648	0,2619535	0,9995399	0,2473337	0,2486138	0,4922794	0,6156741	0,9693634	0,5191243	0,8604995	0,7977280	0,3812659
20	0,5714938	0,6108313	0,5730665	0,3580362	0,8132813	0,6756422	0,5501411	0,7941028	0,6013876	0,4328612	0,2601336	0,5533172	0,6146579	0,2807669	0,7064959	0,7683576	0,4222144	0,8473946	0,1005909	0,0026512	0,2159709	0,3054455	0,0482769	0,1144686	0,7796606	0,7548727	0,6190000	0,4327644	0,1057608	0,2439641	0,4618123	0,0010527	0,4809175	0,3364566	0,3587968	0,0337528	0,5709107	0,6379170	1,0547556	0,3792834	0,7888597	0,2701938	0,9261813	0,1949899	0,3164708	0,6087359	0,1231494	0,9355515	0,3603580	0,7225992	0,8607214	0,1775223	0,8041382	0,3229504	0,8462090	0,2875568	0,3810571	0,4989982	0,3670301	0,9449548	0,4784899	0,8119566	0,7162448	0,1983927
40	0,5638915	0,5743539	0,4922145	0,3962242	0,8075074	0,6520244	0,4859222	0,8470505	0,5539418	0,3906350	0,3226146	0,5560710	0,5958889	0,2874458	0,7337204	0,7292119	0,3356929	0,8179147	0,1575488	0,0035597	0,2074597	0,3483440	0,0501556	0,1179295	0,7820117	0,7668329	0,4319498	0,4198841	0,0976615	0,2185815	0,4031280	0,0028086	0,5347237	0,3622450	0,3589939	0,0331034	0,5208866	0,6309463	1,0636974	0,4660377	0,7722104	0,3773343	0,9678327	0,1780680	0,4091716	0,5784032	0,1015033	0,9168527	0,3746790	0,8510759	0,8824421	0,1758031	0,7709564	0,3215407	0,8611023	0,2723169	0,4741038	0,5169539	0,2472349	0,9605981	0,4786153	0,9033359	0,8116932	0,1679138
60	0,5712356	0,5456465	0,4885719	0,5044386	0,8070817	0,6410579	0,4496590	0,8607479	0,5682412	0,3936650	0,4043231	0,5452319	0,6046132	0,2310437	0,7613129	0,7795372	0,3163792	0,7878447	0,1722408	0,0074362	0,2032380	0,3604396	0,0741215	0,1306953	0,7863023	0,7628471	0,3068347	0,4095288	0,1022663	0,2101236	0,3965176	0,0061233	0,5393978	0,3783998	0,3145528	0,0290868	0,5359421	0,6150556	1,0925671	0,3880833	0,7963001	0,3825703	0,9252366	0,2213607	0,4924910	0,6239990	0,1050827	0,9910315	0,3961592	0,9034947	0,8632496	0,2068873	0,8119594	0,3392911	0,8569743	0,2610845	0,5911575	0,5214482	0,1558670	0,8916945	0,5144607	0,8866335	0,7915318	0,1699284
80	0,5343185	0,6104063	0,4917546	0,4629178	0,8412748	0,6923712	0,4498645	0,8076900	0,5746678	0,4148344	0,4612526	0,5780573	0,6047269	0,2624731	0,8254875	0,7911564	0,3222941	0,7647622	0,1727963	0,0100626	0,1918949	0,3479144	0,0713938	0,1281851	0,8179731	0,7757731	0,2242157	0,4065040	0,0657581	0,2232720	0,3969284	0,0054116	0,5351249	0,4073479	0,3323765	0,0302455	0,5199989	0,6695450	1,0400748	0,4542283	0,7324050	0,4230481	1,0536180	0,1901511	0,5536181	0,6062426	0,1362540	1,0597527	0,4023796	0,9378371	0,9056877	0,2578596	0,8631956	0,4286910	0,9652010	0,2702928	0,6151573	0,5228713	0,1172825	0,8697706	0,5063021	0,9148469	0,7968740	0,2164130
100	0,5083592	0,6690035	0,5575835	0,4507831	0,9200570	0,6963405	0,4896774	0,7236864	0,5422264	0,3867698	0,4962092	0,5255643	0,6038593	0,2630728	0,7840197	0,8000147	0,2806160	0,7496768	0,1680585	0,0059097	0,2407310	0,3607590	0,0834920	0,1234127	0,8875397	0,8274724	0,2259087	0,5202104	0,0581191	0,2447981	0,3941323	0,0123104	0,5739404	0,4429769	0,3200741	0,0220838	0,5475187	0,6918769	1,0878653	0,5244149	0,7775820	0,4344867	1,0425529	0,2111466	0,6256284	0,6336093	0,2235881	1,0550530	0,3643826	0,9452891	0,8903193	0,3003350	0,9507198	0,4598335	1,0082873	0,3274180	0,5891002	0,5081495	0,0953352	0,9453698	0,5315414	0,8997417	0,8288018	0,2883104
120	0,5349444	0,6805831	0,5198155	0,4751008	0,8422216	0,6727822	0,4247281	0,7100801	0,5313993	0,3856012	0,4536735	0,5625548	0,5781460	0,2611164	0,7099961	0,7973692	0,2780822	0,8136637	0,1668937	0,0031890	0,2829688	0,3606192	0,0733007	0,1044355	0,8999457	0,7798824	0,2287686	0,5702302	0,1032797	0,3382342	0,4126760	0,0128112	0,6121597	0,4107942	0,3177838	0,0337790	0,6588456	0,6936683	1,1026807	0,5946639	0,8032266	0,4404395	1,0304670	0,2510335	0,6625441	0,5684488	0,3324569	1,0534546	0,3617659	0,9491740	0,9367340	0,3690751	0,8873708	0,4500493	0,9959231	0,3407856	0,5857713	0,5394245	0,0768761	0,9984301	0,5772126	0,9334336	0,8578530	0,2875507
140	0,4706250	0,6621590	0,5315568	0,5164082	0,9109951	0,5826415	0,4354695	0,7177950	0,5492376	0,3581671	0,4731136	0,5568808	0,6032422	0,2598885	0,6700550	0,8105590	0,2604897	0,8207410	0,1731515	0,0054774	0,2885002	0,3850909	0,0890832	0,0956163	0,8145467	0,7662781	0,2087582	0,5613890	0,1067626	0,3084332	0,4794483	0,0331679	0,6333780	0,4099708	0,3501442	0,0561957	0,6747149	0,7071458	1,0838940	0,6006684	0,8267728	0,4423211	0,9862747	0,2871538	0,6526805	0,5265516	0,3629698	1,0389505	0,3674677	0,8987050	0,8937675	0,4482301	0,9467336	0,4246967	0,9137693	0,3080880	0,6128334	0,5624973	0,0516888	0,9838897	0,5656418	0,9672170	0,8594864	0,3034855
160	0,4379605	0,6261210	0,5576956	0,6161377	0,9875544	0,5395049	0,4709447	0,7115460	0,4966562	0,3910977	0,4838766	0,5594365	0,6288203	0,2597905	0,6851004	0,8061374	0,2859807	0,8063224	0,1722541	0,0016815	0,3321298	0,3707115	0,0787238	0,0874662	0,8490811	0,7676931	0,2005711	0,6058434	0,1114595	0,3057024	0,4575708	0,0273829	0,6373111	0,4237766	0,3309087	0,0435586	0,6131778	0,7083454	1,1325796	0,5941605	0,9263769	0,4968154	0,9639318	0,2966100	0,6466142	0,5267605	0,4210089	0,9819913	0,3789468	0,9270170	0,9844594	0,4916212	1,0125668	0,4131806	0,9268952	0,2806004	0,6131721	0,5953351	0,0478725	0,9561332	0,6027524	0,9405817	0,8343062	0,2939318
180	0,4187538	0,6291214	0,5352933	0,5976160	1,0305675	0,5377762	0,4910978	0,6687171	0,4759224	0,4841826	0,4954187	0,5678227	0,5571492	0,2556821	0,6944416	0,7164207	0,2822091	0,8247788	0,1876648	0,0057342	0,2781664	0,3248503	0,0933627	0,0856250	0,8855263	0,7786998	0,1759307	0,6197762	0,0983507	0,3223903	0,3863993	0,0334445	0,6190431	0,3912450	0,3511508	0,0464455	0,6562972	0,6939892	1,0123835	0,6099040	0,9429121	0,5560941	0,8931021	0,3502441	0,6789669	0,5397560	0,4488621	0,9953063	0,3749857	0,9787565	1,0604879	0,5163943	1,0249250	0,3697734	0,9437700	0,2148036	0,5907155	0,5666994	0,0388676	1,0164258	0,5718414	0,9729844	0,8410025	0,2598173
200	0,4487625	0,5940581	0,4947515	0,6490083	0,9949281	0,4586084	0,4128222	0,6914619	0,4768173	0,4983772	0,4907648	0,5198193	0,5260080	0,2412025	0,7365138	0,6936446	0,3120273	0,8946525	0,2085977	0,0040294	0,3023495	0,3225837	0,1093342	0,0891171	0,8252046	0,7823598	0,1778714	0,6544234	0,0954662	0,3586455	0,3466180	0,0367249	0,6826685	0,3794963	0,3551331	0,0474802	0,6819316	0,6637100	0,9788755	0,6279394	0,8783427	0,5674658	0,9673159	0,3430803	0,6781975	0,5588170	0,5102354	0,9488489	0,4046028	0,9111405	0,9638426	0,5220241	1,0136144	0,3518167	0,9757729	0,2105940	0,5752267	0,5757725	0,0305047	0,9715978	0,5369887	0,9029246	0,8945813	0,2879264
220	0,4796071	0,6162177	0,5043827	0,6133182	1,0100734	0,4657085	0,4668543	0,7118114	0,4525142	0,4822911	0,5179222	0,4823141	0,5761933	0,2612692	0,7706821	0,7301742	0,3222321	0,8824149	0,1906761	0,0023583	0,3032610	0,3454798	0,1196847	0,0773152	0,8248539	0,7634007	0,1726165	0,5589949	0,0688717	0,3669288	0,4125299	0,0366425	0,6398413	0,3698362	0,3552763	0,0413509	0,6595373	0,6736886	0,9184803	0,6063503	0,8044288	0,5590537	1,0168047	0,3877085	0,6910153	0,5837278	0,5180204	0,9581808	0,4121744	0,9522705	0,9688905	0,5768111	1,0606863	0,3004607	0,8513081	0,2072538	0,5351650	0,5194860	0,0466037	0,9957195	0,5107765	0,8490770	0,9145707	0,2988267
240	0,4638373	0,6037236	0,5101724	0,5545744	0,9630106	0,4987899	0,4879923	0,6765216	0,4529160	0,4588561	0,5037233	0,5334032	0,5483001	0,2925914	0,7378722	0,7952265	0,3274065	0,7599418	0,1470769	0,0066013	0,3088810	0,3239323	0,1064531	0,0703471	0,8543103	0,7279795	0,1699081	0,5525834	0,0649852	0,3078646	0,3999687	0,0433677	0,5892078	0,3032046	0,3596966	0,0526404	0,6224695	0,6287617	0,8661110	0,6288946	0,7714604	0,5606486	1,0454608	0,3698458	0,7022697	0,6371685	0,5366488	0,9888575	0,4620314	0,9471760	0,8975995	0,5567008	0,9903310	0,3332558	0,8913963	0,2151716	0,5603615	0,5307774	0,0611128	1,0677806	0,4915399	0,8743135	0,8596936	0,2988528
260	0,4719196	0,6139736	0,5240240	0,5555671	0,9919854	0,4656707	0,5374243	0,7072978	0,4537975	0,4769078	0,4981875	0,5481411	0,5865087	0,2806523	0,7089337	0,7819189	0,2690798	0,7827593	0,1356538	0,0009341	0,3200400	0,3238049	0,0997109	0,0659858	0,8105065	0,6738329	0,1716704	0,5745369	0,0808943	0,3163195	0,3667450	0,0813162	0,5950776	0,2845031	0,3643403	0,0569320	0,5450442	0,6280286	0,8760912	0,5959184	0,7714722	0,5563909	0,9998795	0,3915057	0,7124157	0,6168488	0,5856798	0,9511118	0,4543270	0,9436553	0,9843258	0,5190282	0,9923338	0,2964999	0,9284685	0,2210534	0,5226830	0,5128261	0,0579470	1,0041135	0,5259840	0,8569992	0,8725645	0,3199080
280	0,4528027	0,5838212	0,5586625	0,5463903	0,9643627	0,4572106	0,4753453	0,6945849	0,4975608	0,4936804	0,4906920	0,5106382	0,6148362	0,2797851	0,6503112	0,8188131	0,2845052	0,7747395	0,1505693	0,0000000	0,3354635	0,3517082	0,0904080	0,0735315	0,8693943	0,6539752	0,1618449	0,5572691	0,0657110	0,2730895	0,3847290	0,0883229	0,5869490	0,2959322	0,3599986	0,0642908	0,6021682	0,6324612	0,9621896	0,5324452	0,7837244	0,5990250	0,9800955	0,3811469	0,6558782	0,6374804	0,5684326	0,9184766	0,4599295	0,9501316	0,9905140	0,5218448	1,0119663	0,2917790	0,9570345	0,2038837	0,5382535	0,5138021	0,0488777	1,0135121	0,4770717	0,8298207	0,8593413	0,3453250
300	0,4668816	0,5913132	0,5277715	0,5066629	0,9673190	0,4403567	0,4871979	0,7574638	0,5052570	0,4327885	0,4910038	0,5074504	0,5952619	0,2590909	0,6481280	0,8031856	0,3202697	0,7412161	0,1802595	0,0000000	0,3512853	0,3409529	0,0869956	0,0567713	0,8866055	0,6554710	0,1533100	0,5893269	0,0745582	0,2388865	0,3940234	0,0912461	0,6414967	0,3620052	0,4092211	0,0674906	0,6417873	0,6545705	1,0108001	0,5328287	0,7797429	0,5578693	0,9596176	0,4571455	0,6380635	0,6615989	0,5612299	0,9130581	0,4644599	0,9068712	1,0489614	0,5566253	0,9567744	0,2958781	0,8862017	0,1725138	0,5362052	0,4856279	0,0642235	1,0200908	0,4722097	0,8105496	0,8698246	0,3358476
320	0,4891245	0,6207279	0,5575876	0,5190037	0,9401755	0,4384915	0,5126844	0,8045212	0,5206160	0,4069057	0,4795953	0,5618773	0,5870758	0,2258510	0,6384955	0,7708315	0,2633426	0,7888327	0,1621441	0,0029464	0,3618002	0,3770350	0,0664712	0,0763686	0,9178319	0,7020083	0,1532425	0,5504577	0,0801207	0,2243813	0,4114520	0,0745582	0,6397698	0,3759877	0,3894446	0,0672137	0,5651673	0,7311363	0,9680741	0,5015971	0,7708759	0,5667430	0,9135200	0,4454333	0,6786195	0,6311980	0,5582133	1,0063241	0,4346189	0,9590715	0,9643784	0,5784098	0,9233533	0,2883996	0,8648684	0,1486828	0,5529153	0,4533323	0,0341419	1,0329426	0,4768594	0,8462393	0,8756864	0,3470975
340	0,5254893	0,6169011	0,5664658	0,5173379	0,8981019	0,4298408	0,4829517	0,6813657	0,5073333	0,3817851	0,4849146	0,5514153	0,5619792	0,3138515	0,6604037	0,8225552	0,2876811	0,7900321	0,1848597	0,0049836	0,3525371	0,3925411	0,0699738	0,0841064	0,8904529	0,7522987	0,1467346	0,5415420	0,0777337	0,2005276	0,4192573	0,0571039	0,5901177	0,3693738	0,4337724	0,0720764	0,6321885	0,6868161	0,9608965	0,5577438	0,8658906	0,6253099	0,8808993	0,4072436	0,7269780	0,6227430	0,5311384	0,9951066	0,3986454	0,9939771	0,9570195	0,5891543	0,8609155	0,2989730	0,7995780	0,1609947	0,5380432	0,4941191	0,0333691	1,0397010	0,4963472	0,8589660	0,8555934	0,2997352
360	0,4921767	0,6152143	0,5244746	0,5538025	0,8791393	0,4909276	0,4611510	0,7019254	0,5021030	0,3485136	0,4960998	0,5568549	0,5922384	0,2976338	0,7278835	0,8359717	0,3147468	0,8960515	0,1859229	0,0028241	0,3600192	0,3978593	0,0848111	0,1002420	0,8888313	0,7383317	0,1250393	0,5496929	0,0840644	0,2071835	0,3742241	0,0483419	0,6167917	0,3865334	0,3639331	0,0690880	0,6620196	0,5996030	0,9605532	0,5078157	0,8175795	0,6114511	0,9512534	0,3619580	0,7454106	0,6397233	0,5116619	0,9769394	0,3976482	1,0591280	0,9824613	0,6472517	0,8953234	0,3413339	0,8772680	0,2152146	0,5729696	0,5084810	0,0262744	1,0713357	0,5080024	0,8898145	0,8515160	0,3252693
380	0,4869965	0,5898648	0,5185186	0,4565521	0,8871955	0,5283913	0,4527473	0,7702002	0,4937617	0,3687497	0,5054037	0,5872301	0,6011434	0,2901301	0,7539955	0,7930955	0,3279051	0,8193508	0,2003228	0,0015082	0,3423086	0,3990849	0,1060558	0,0838844	0,8395189	0,7188386	0,1367541	0,4954702	0,0701819	0,2337006	0,3703958	0,0495511	0,6533464	0,3993309	0,3470659	0,0700984	0,5800399	0,6573309	0,8875130	0,4984221	0,8042803	0,6122458	0,9153416	0,3338109	0,6994687	0,6500935	0,4227599	0,9890125	0,4269860	1,0619896	0,9608931	0,5934457	0,9511685	0,3366247	0,9036604	0,2833509	0,5586456	0,5303022	0,0421256	1,0005280	0,6196575	0,8799232	0,8972931	0,3076570
400	0,4866196	0,6048751	0,5634197	0,4497913	0,8677845	0,5583740	0,4809363	0,7377526	0,5212829	0,3027590	0,4847035	0,6095937	0,6465624	0,2703606	0,7135185	0,7805905	0,3219902	0,8519789	0,2173626	0,0100440	0,3879184	0,3890530	0,1045949	0,1022618	0,8546252	0,7401505	0,1336477	0,5016856	0,0798498	0,2199183	0,3876152	0,0262049	0,6454409	0,4011794	0,3420525	0,0595832	0,6190642	0,6415071	0,9611169	0,4989457	0,8139937	0,5428981	0,9328744	0,2928178	0,6566625	0,6205754	0,4005031	0,9864546	0,4860337	1,0081826	0,8794729	0,5238757	0,8807798	0,3226057	0,8879670	0,3239783	0,5927568	0,6083174	0,0511537	1,0287878	0,5963680	0,8494224	0,8843742	0,3318614
420	0,4827481	0,6340470	0,5929052	0,3960367	0,8428902	0,5894788	0,5130984	0,7444051	0,4865356	0,2925796	0,4894532	0,5773124	0,6291309	0,2601651	0,7210242	0,7355535	0,3432312	0,8392479	0,2109984	0,0012221	0,3613607	0,3730290	0,1369217	0,0890950	0,9004503	0,7488496	0,1072189	0,5462637	0,0952585	0,2699983	0,4589088	0,0207779	0,5567747	0,3785463	0,4011673	0,0585057	0,5918271	0,6751299	0,8813001	0,4839795	0,7892749	0,5533119	0,9860946	0,2611947	0,6761991	0,5659905	0,4193803	0,9762346	0,4982241	0,9659817	0,9220007	0,4937510	0,8651978	0,3326479	0,8999230	0,2770930	0,5192718	0,5625781	0,0610166	1,0119190	0,5390288	0,8217715	0,8506535	0,3316962
440	0,5506299	0,5983447	0,6242975	0,3804566	0,8244299	0,6391206	0,4665970	0,8161599	0,5354695	0,2814262	0,4975604	0,5357891	0,6966328	0,2401009	0,7171184	0,7968780	0,3193172	0,7778965	0,2277195	0,0015161	0,3484015	0,4139862	0,0859563	0,0969723	0,8458499	0,7462211	0,0940971	0,5408325	0,0689952	0,3080660	0,4635520	0,0279950	0,5489647	0,3754331	0,4545134	0,0477167	0,5898262	0,6597200	0,9563450	0,5276360	0,8186281	0,5446576	0,9763943	0,3027450	0,6709824	0,5575829	0,4366861	0,9501121	0,4303077	1,0318140	0,8784180	0,4737548	0,8931977	0,3531619	0,9232355	0,2782673	0,5171361	0,5475866	0,0483874	0,9612669	0,5000581	0,8712264	0,8175292	0,3671977
460	0,5772076	0,5872146	0,6133281	0,4663071	0,8349014	0,5629099	0,5074336	0,7858078	0,5564191	0,2611553	0,4776499	0,5299967	0,6470974	0,2520565	0,7167580	0,8030160	0,2773805	0,8026701	0,2125378	0,0004060	0,3255298	0,3785394	0,0747465	0,0988033	0,8223150	0,7266488	0,1285498	0,5355200	0,0875553	0,2547184	0,4348665	0,0525765	0,5942713	0,3859117	0,4306069	0,0454051	0,5641347	0,6571785	0,9878047	0,5470725	0,8308973	0,5240964	0,9371382	0,3492216	0,6054873	0,5732217	0,4101218	0,8962428	0,4996220	0,9364160	0,9300856	0,4971558	0,8488326	0,3881671	0,8853833	0,2638684	0,5895727	0,5589632	0,0807310	1,0320317	0,4783922	0,8918349	0,8196954	0,3455060
480	0,5528048	0,5974970	0,5305052	0,4646535	0,8752261	0,5822377	0,5764669	0,7524232	0,5370749	0,2622393	0,4822072	0,4952475	0,6567360	0,2376076	0,7177533	0,8021458	0,2922093	0,8165272	0,2048860	0,0027053	0,3013073	0,4079349	0,0823110	0,1042708	0,8417849	0,7046645	0,1353269	0,5410900	0,0905528	0,2299800	0,4426272	0,0540699	0,5531998	0,3395110	0,4071858	0,0294582	0,6050030	0,6338756	1,0302049	0,5116133	0,8070408	0,5448796	0,8878438	0,3097108	0,6286259	0,5429549	0,3745625	0,9495157	0,4971565	0,9386625	0,9530025	0,4501724	0,8771394	0,3574793	0,8557144	0,2934352	0,6252375	0,5773364	0,0538320	1,0034357	0,4461565	0,9010435	0,9151168	0,3278168
500	0,5019591	0,5869079	0,5461309	0,4416705	0,8243001	0,6462443	0,5096339	0,7679600	0,5106530	0,3145797	0,4681357	0,5554670	0,6638058	0,2266260	0,6538684	0,7549040	0,3279234	0,7952875	0,1839872	0,0033814	0,3410976	0,3798395	0,1082148	0,0980231	0,7988910	0,7718250	0,1251593	0,5779111	0,1096851	0,2496892	0,4506079	0,0524690	0,5731102	0,3138403	0,3931861	0,0375364	0,6283746	0,5982868	1,0309419	0,5066913	0,7516184	0,5564266	0,9301036	0,3240586	0,6289557	0,5629753	0,3154796	0,9346385	0,4829160	0,9477564	0,9350994	0,4558044	0,8832329	0,4013312	0,9458672	0,3030965	0,5895571	0,5925539	0,0597928	0,9718299	0,4706031	0,9434056	0,8380183	0,3794040
520	0,5370301	0,6654558	0,5337072	0,4493609	0,8830502	0,6838817	0,4801227	0,7092454	0,5788338	0,2773738	0,4567317	0,5544339	0,6334350	0,2640813	0,7039744	0,7653183	0,3338236	0,8283730	0,1936069	0,0076338	0,3388749	0,3486541	0,0929650	0,1096074	0,7640386	0,7549061	0,1427182	0,5984086	0,0743409	0,2242804	0,4413069	0,0517278	0,5706648	0,3209078	0,3578584	0,0329320	0,6669897	0,6330646	0,9475986	0,5002992	0,8242909	0,5789507	0,9248685	0,3447505	0,6734127	0,6065301	0,3976025	0,9211202	0,5262257	0,9748765	0,9338575	0,4542382	0,8450173	0,3605907	0,9551915	0,2726763	0,5570976	0,5326492	0,0486773	1,0369435	0,4741528	0,9499519	0,8728559	0,4090128
540	0,5085682	0,5843026	0,5564495	0,5656126	0,8376277	0,6475746	0,5210907	0,7605919	0,5689825	0,3225835	0,4730666	0,5782003	0,6359060	0,3144417	0,7365529	0,8435839	0,3218960	0,8267225	0,2011417	0,0043141	0,3548860	0,3323434	0,1194149	0,0915276	0,8052685	0,7559545	0,1360621	0,5167369	0,0599383	0,2829323	0,4574477	0,0571354	0,5666851	0,3224236	0,3797993	0,0479480	0,6141400	0,6933105	0,9482997	0,5408214	0,7590066	0,5811745	0,8692372	0,3116917	0,6715011	0,6259264	0,4335628	0,9593391	0,5330463	0,9573412	0,9148457	0,4699856	0,9007804	0,3799542	0,9601482	0,2851634	0,5589141	0,5906222	0,0498946	0,9584728	0,5368705	0,9708676	0,8971070	0,4140993
560	0,5477857	0,5925924	0,5112835	0,6236671	0,9270096	0,6508347	0,4862514	0,7536842	0,5333565	0,3523647	0,4675948	0,5911643	0,6245504	0,3133608	0,7099545	0,8167398	0,2671633	0,8320924	0,2037977	0,0009970	0,3651966	0,3319601	0,1074693	0,0931019	0,8032095	0,7698517	0,1540593	0,6109632	0,0778922	0,3168150	0,4800414	0,0719219	0,5604579	0,3521359	0,3758693	0,0457566	0,6405614	0,7371721	0,9432741	0,6085964	0,7852814	0,5961031	0,9219580	0,3391249	0,6671623	0,6365027	0,4860093	0,9855246	0,4947504	0,8667395	1,0109795	0,4645935	0,8301873	0,3612525	0,9323346	0,2994018	0,5526397	0,6041300	0,0588754	0,9545901	0,5605253	0,9012041	0,9389706	0,3550396
580	0,5924866	0,6349558	0,5201995	0,5607583	0,9252945	0,5705542	0,4229160	0,7438354	0,5221748	0,4016059	0,3378411	0,5748410	0,6456136	0,2678593	0,7647755	0,7976159	0,3966895	0,8410705	0,1301521	0,0000263	0,3749332	0,3353396	0,0977759	0,1053168	0,7959257	0,8058488	0,5458038	0,5950715	0,0823600	0,4085429	0,4676555	0,0758655	0,5234952	0,3572628	0,3756610	0,0646600	0,6590414	0,6972455	0,9583760	0,5718100	0,7496486	0,5424134	0,9338325	0,3499307	0,4835320	0,6525340	0,5111251	1,0294986	0,4869797	0,9370935	0,9795454	0,4487745	0,8120028	0,3139561	0,9208685	0,3204031	0,4493039	0,5848610	0,3244846	0,8930807	0,5951087	0,9187219	0,9047038	0,6149282
600	0,6028712	0,5877652	0,5229134	0,5362076	0,8701319	0,5703947	0,4264030	0,7594489	0,4834116	0,4296282	0,2855677	0,5630805	0,6380739	0,2501926	0,8142462	0,7367869	0,4758610	0,9436834	0,0647792	0,0028947	0,3465183	0,3479999	0,0951033	0,1142142	0,7658868	0,7647851	0,6034057	0,5960240	0,0890545	0,4056201	0,4079310	0,0476194	0,5346123	0,3506400	0,4068239	0,0723292	0,6418672	0,6880104	0,9828746	0,4996308	0,7414684	0,4508527	0,9435245	0,3274461	0,3743878	0,6516957	0,4393211	1,0685632	0,5121955	0,8759315	0,9895760	0,4010938	0,7436377	0,2359927	0,9583562	0,2749642	0,3659286	0,4967719	0,4824851	0,8982588	0,6259994	0,9298502	0,8950599	0,5160708
620	0,6241903	0,5882991	0,5136075	0,4543613	0,7887916	0,5796456	0,3678238	0,7840720	0,4782125	0,4425782	0,2401022	0,5783891	0,6545844	0,2499085	0,7224182	0,7690704	0,5707681	0,7912537	0,0487573	0,0095531	0,3127294	0,3851152	0,0761438	0,1340039	0,7401710	0,8108934	0,7508338	0,5791052	0,0920964	0,3200763	0,4263612	0,0378547	0,5220620	0,3405391	0,3846900	0,0582215	0,6804503	0,6973421	0,9415149	0,4355949	0,7712867	0,3634946	0,9703970	0,2951635	0,3126446	0,6346339	0,3641421	0,9997924	0,4587975	0,8952998	0,9687076	0,3644269	0,7674343	0,2607049	0,9677840	0,2450758	0,3249452	0,4630491	0,5308513	0,8758914	0,5801821	0,9153099	0,8283503	0,6017309
640	0,6601897	0,6408203	0,5063851	0,4469288	0,7932573	0,6007493	0,3754615	0,7320374	0,5386744	0,4085380	0,2130804	0,5655437	0,6312697	0,2565563	0,6824784	0,8107440	0,5540711	0,8005406	0,0300474	0,0074934	0,3348535	0,3935585	0,0929194	0,1166707	0,7738936	0,8429117	0,8493579	0,5699397	0,0781427	0,3185700	0,4519018	0,0224633	0,5083914	0,3483491	0,3207365	0,0512055	0,6308423	0,7340012	0,9608184	0,3703609	0,7994777	0,3081280	0,9634524	0,2813428	0,2685895	0,5684114	0,2943320	0,9705326	0,4205451	0,8496538	0,9170465	0,3547253	0,7164142	0,2898587	0,9707159	0,2833537	0,3139192	0,5057621	0,5757455	0,9583457	0,5777170	0,9056614	0,8400341	0,5652496
660	0,6361299	0,6116300	0,5397163	0,4881847	0,7658359	0,6312348	0,4846797	0,7037458	0,5493183	0,4264481	0,1923307	0,5802542	0,6615775	0,2985485	0,6334175	0,7685681	0,5861800	0,6989075	0,0306575	0,0071213	0,2786385	0,3695167	0,0615998	0,1260861	0,7388346	0,8139133	0,8450120	0,5381181	0,0768745	0,2698097	0,4032421	0,0174409	0,5251189	0,3701315	0,3860867	0,0412848	0,5667363	0,6796102	0,9839064	0,3627568	0,7549929	0,2511605	0,9926615	0,2639618	0,2020889	0,5867899	0,2659111	0,9093938	0,3826277	0,7581623	0,8854604	0,3029694	0,7996332	0,3109859	1,0376082	0,2718950	0,2744507	0,5402232	0,6276289	0,9558087	0,5948161	0,9042318	0,7026685	0,4719919
680	0,5904051	0,5939792	0,5358901	0,4670639	0,7178762	0,6354563	0,4868132	0,7644005	0,5478977	0,4177797	0,2203302	0,6031350	0,6702199	0,2990865	0,7218318	0,7760584	0,6280948	0,7455174	0,0189708	0,0070527	0,2485393	0,3731835	0,0800899	0,1084967	0,6909679	0,7838599	0,8121929	0,5109269	0,0814503	0,2647451	0,3929740	0,0098732	0,5729306	0,3918555	0,3911415	0,0476376	0,4947000	0,6597338	0,9861690	0,3135950	0,7430982	0,2194680	0,9989556	0,2222401	0,1630154	0,6016964	0,2063513	0,8784321	0,4006292	0,6896305	0,8046793	0,2717724	0,7661697	0,2794531	1,0540127	0,2543398	0,2479010	0,5733514	0,5990815	0,9300367	0,5629781	0,8771062	0,6869624	0,4056250
700	0,5560500	0,5902116	0,4611287	0,4227873	0,7512250	0,7311958	0,4955866	0,7243979	0,5370198	0,4991233	0,1834997	0,5509506	0,6030958	0,3092715	0,7481480	0,7764626	0,5889557	0,6884859	0,0155651	0,0032971	0,2341069	0,3715967	0,0608790	0,1034833	0,7302954	0,7940143	0,8945602	0,5170440	0,0788652	0,2710678	0,3518137	0,0061055	0,5364240	0,3772393	0,4172497	0,0414257	0,4686826	0,6365613	0,9617660	0,3011229	0,6817942	0,2021514	0,9384823	0,1424618	0,1709238	0,5764024	0,1279250	0,9596352	0,3711052	0,6275726	0,9197102	0,2381058	0,7198127	0,2856377	1,0252592	0,2433127	0,2872274	0,6319834	0,6319594	0,9137246	0,5200400	0,8566048	0,6722370	0,3538940
720	0,5492036	0,6258269	0,4721380	0,4766775	0,7568991	0,6398123	0,4157154	0,7452474	0,4915424	0,5503375	0,2244955	0,5615369	0,5637000	0,3084376	0,7734739	0,7860174	0,5501595	0,7283079	0,0135103	0,0000000	0,2111754	0,3704972	0,0679896	0,1125899	0,6922820	0,8037963	0,8773275	0,4747020	0,0751230	0,2632367	0,3557130	0,0056879	0,5053338	0,3480150	0,3659584	0,0499240	0,4941457	0,6841567	0,9963517	0,2791810	0,7749055	0,1929277	1,0104094	0,1322001	0,1559441	0,5486385	0,0909316	0,9605606	0,3707843	0,6432568	0,8583921	0,2280261	0,7040856	0,2601685	0,9284597	0,2513609	0,2848742	0,6186979	0,6396975	0,9910556	0,4669769	0,8606574	0,7648026	0,2844951
740	0,6334171	0,6321536	0,4649846	0,4707045	0,7666165	0,7136408	0,4469148	0,6567429	0,4641835	0,5708573	0,1823658	0,5169693	0,5866148	0,3055613	0,7697351	0,8129299	0,5393908	0,7549711	0,0060546	0,0067396	0,2305046	0,3524570	0,0610309	0,1084585	0,7664360	0,7648897	0,8762711	0,4653757	0,0724547	0,2821150	0,3914233	0,0068111	0,5039205	0,3659590	0,3214866	0,0525165	0,4880015	0,6670202	1,0395597	0,2721608	0,7701534	0,1998294	0,9675952	0,1504743	0,1556213	0,5238093	0,0753348	1,0265110	0,3435248	0,6138142	0,8545228	0,2117487	0,7598021	0,2736246	0,9530919	0,2052608	0,2658369	0,6241094	0,6303288	0,9919500	0,4493392	0,8709950	0,7290541	0,3136755
760	0,6810026	0,6287436	0,3937606	0,4744692	0,8131339	0,6145013	0,5276586	0,6424460	0,4662142	0,5973361	0,1873395	0,5398717	0,6052605	0,2455712	0,7014590	0,7975107	0,5980773	0,7416738	0,0016392	0,0034920	0,2162833	0,3352635	0,0581215	0,1246867	0,7836563	0,7493781	0,8693477	0,4402292	0,0718477	0,2856449	0,3931475	0,0030723	0,5380008	0,3346920	0,3556447	0,0420424	0,5256273	0,6920036	1,0577522	0,2711468	0,7826581	0,2090964	0,9892710	0,1346405	0,1483134	0,5084571	0,0945175	1,0570548	0,3150226	0,5773737	0,8481589	0,1963978	0,7471878	0,3266627	0,8005015	0,2221010	0,2696167	0,5702053	0,5933316	0,9431901	0,4182660	0,8525641	0,7851629	0,3755819
780	0,6368173	0,5854303	0,5241111	0,4716923	0,8541720	0,6196494	0,5424069	0,6575984	0,5040509	0,5947629	0,1789308	0,4859742	0,6149552	0,2838071	0,7081212	0,8014482	0,6019845	0,7526458	0,0087465	0,0048719	0,2029969	0,3497986	0,0744481	0,1677572	0,7650414	0,7263923	0,9300955	0,3877686	0,0994778	0,2660117	0,3696681	0,0031691	0,5639834	0,3653819	0,3712263	0,0493458	0,5129202	0,6315362	1,0516614	0,2612916	0,8484214	0,1981540	0,9420843	0,1621377	0,1722841	0,5675805	0,0864712	0,9499675	0,3403164	0,5384022	0,9141255	0,1921110	0,7433998	0,3050463	0,7887256	0,2229096	0,2627604	0,5997432	0,6401834	0,9541829	0,4143105	0,8762885	0,7559677	0,3773645
800	0,6557254	0,5640928	0,5099783	0,4790152	0,8769340	0,5971122	0,4998147	0,6553649	0,5627876	0,6197878	0,1733153	0,5269640	0,6104747	0,2956903	0,7448978	0,7388525	0,5693757	0,7574241	0,0115712	0,0031626	0,1975011	0,3505552	0,0504699	0,1597376	0,7620410	0,7191024	0,9099443	0,3995384	0,0858073	0,2215773	0,3433998	0,0032382	0,5289714	0,3833067	0,3913605	0,0428155	0,4717523	0,5437035	1,0251076	0,2804465	0,7959240	0,1624036	0,9596674	0,1619282	0,1636979	0,5492007	0,1095457	0,9205431	0,3384830	0,5596135	0,8428341	0,1754184	0,7869826	0,2920907	0,8126341	0,1731015	0,2472038	0,5789777	0,5826230	0,9646584	0,3967569	0,8478603	0,7175274	0,3689230
820	0,6193844	0,5611631	0,4530356	0,4884387	0,9165541	0,6252633	0,5439753	0,6066771	0,5455545	0,5620181	0,1773173	0,5336921	0,6266615	0,2762368	0,7235080	0,7547117	0,5906357	0,7440281	0,0125324	0,0023529	0,1898616	0,3293770	0,0642049	0,1688137	0,7057269	0,7485102	0,9163841	0,3847489	0,0850265	0,2218231	0,3287208	0,0000000	0,5789723	0,3814008	0,3798502	0,0395911	0,5470657	0,6140935	1,0452835	0,2690407	0,7603957	0,1340859	0,9403154	0,1652071	0,1529060	0,5312468	0,1150054	0,9372321	0,3551012	0,5555899	0,8391238	0,2095908	0,7587720	0,2616031	0,8786537	0,2203046	0,2467842	0,6052133	0,5128892	0,9946612	0,3869511	0,8760146	0,7110014	0,3924800
840	0,6183402	0,5730516	0,4556712	0,4415860	0,8918169	0,6065036	0,5180518	0,6452298	0,4843788	0,5181544	0,1868317	0,5702774	0,5762933	0,3098795	0,7628231	0,6918140	0,5524104	0,7792395	0,0141091	0,0055050	0,1537888	0,3098716	0,0703368	0,1587511	0,6924732	0,7022998	0,9395958	0,3511978	0,0841459	0,2279545	0,3375867	0,0011575	0,5777308	0,4170730	0,3510572	0,0331717	0,5159837	0,6344247	1,0506849	0,2893797	0,7469721	0,1442202	0,9627134	0,2043672	0,1587903	0,5834946	0,1086254	0,9696860	0,3565317	0,5919331	0,8556650	0,2235367	0,8341144	0,2185869	0,9651098	0,2259573	0,2287917	0,5158349	0,5430727	0,9575254	0,4056389	0,8262580	0,6690662	0,3811365
860	0,6254996	0,5820955	0,4602989	0,4202185	0,8841123	0,5785659	0,5376357	0,7091512	0,4986998	0,4842964	0,1966515	0,5968394	0,5716557	0,2445891	0,7293903	0,7093073	0,5404888	0,7769385	0,0142565	0,0056879	0,1879334	0,3112504	0,0612514	0,1453881	0,7580353	0,7178433	0,9301997	0,3602784	0,0645215	0,2594259	0,3656331	0,0023581	0,5434096	0,4364725	0,3457653	0,0387117	0,5023806	0,5763495	1,0740696	0,3374461	0,7040048	0,1556915	1,0379467	0,2288446	0,1599236	0,5381088	0,0890302	0,9939574	0,3682225	0,5606472	0,8029990	0,2253989	0,8154489	0,2101297	0,9699863	0,2482975	0,2052460	0,4729977	0,5294704	0,9347505	0,4297998	0,8333192	0,7337347	0,4035865
880	0,6595633	0,5714587	0,5127080	0,4625907	0,9025735	0,5295119	0,4938916	0,6594113	0,4180130	0,4830860	0,1813345	0,5904512	0,6002997	0,2503605	0,6656620	0,6894909	0,6016503	0,6983736	0,0095201	0,0033999	0,1847690	0,2992822	0,0459253	0,1169919	0,7548609	0,7496124	0,8561167	0,3956716	0,0856518	0,2681364	0,3558654	0,0015597	0,5496999	0,3748004	0,3359220	0,0366537	0,5429414	0,6002765	1,0358538	0,3545142	0,7082219	0,1610340	0,9446019	0,1893487	0,1703504	0,6062890	0,1360535	1,0356762	0,3692709	0,5995148	0,8788168	0,2129376	0,7784313	0,2156382	0,8797047	0,2347650	0,1942739	0,4596345	0,6115064	0,8810194	0,4079469	0,8130381	0,7489449	0,4112269
900	0,6148850	0,5506404	0,5385506	0,4271111	0,8602015	0,4754296	0,4590026	0,6914455	0,4431058	0,4711260	0,2067778	0,5441927	0,6324832	0,2710156	0,7299043	0,7703661	0,5897861	0,7338569	0,0049493	0,0000187	0,1947659	0,2888887	0,0484636	0,0844501	0,7662263	0,7536293	0,8464456	0,4079229	0,0765019	0,2558122	0,3736766	0,0041050	0,5217619	0,3265211	0,2941956	0,0317329	0,5571614	0,6214635	1,0321840	0,3311149	0,6630840	0,1782068	0,9628108	0,2110584	0,1416869	0,5985090	0,1558331	1,0994312	0,3278585	0,7258871	0,8587023	0,2102902	0,7531392	0,2570083	0,8507911	0,1826147	0,2053446	0,4828841	0,6277960	0,9637956	0,4404505	0,7967139	0,7893768	0,4174193
920	0,6056713	0,5791833	0,5855866	0,4515328	0,7824402	0,4735423	0,4543935	0,6699779	0,5275188	0,4170837	0,1914272	0,5632027	0,6364672	0,3149333	0,7808916	0,7462502	0,5987035	0,6789360	0,0047687	0,0006770	0,1982751	0,2753648	0,0477847	0,1203457	0,7716499	0,7828094	0,8547524	0,4044284	0,0879382	0,1977245	0,3823136	0,0062053	0,5215485	0,3339217	0,2676311	0,0321474	0,4838817	0,6411201	0,9894093	0,2976092	0,7036891	0,2027362	0,9932071	0,2379134	0,1414218	0,5683115	0,1552839	1,0313219	0,3672708	0,7169087	0,8964358	0,1755599	0,7638717	0,2921921	0,8567580	0,2000772	0,1889564	0,5418464	0,5752577	0,9719429	0,4883531	0,8331856	0,7350343	0,3599036
940	0,6455874	0,5820699	0,5786213	0,5084002	0,7913429	0,4980382	0,4445002	0,6809574	0,5053424	0,4083620	0,2058300	0,5752838	0,6950912	0,2717653	0,7408407	0,7111877	0,5834756	0,6739947	0,0065416	0,0019931	0,2225885	0,2984642	0,0602595	0,1329689	0,7649746	0,7662862	0,9107570	0,3635475	0,1057591	0,1835510	0,4071718	0,0074149	0,5283402	0,3275451	0,2852888	0,0340917	0,5416191	0,6640805	0,9975958	0,2746367	0,7039971	0,1942188	0,9925380	0,2084155	0,1452883	0,5589619	0,1572634	1,0469875	0,3578689	0,6983383	0,8691094	0,1873414	0,7486013	0,3418994	0,8466671	0,2586725	0,2682594	0,4896308	0,5628980	0,9867925	0,4578901	0,8577287	0,7588731	0,3655262
960	0,6222627	0,5819529	0,6157537	0,4410773	0,8189984	0,5524115	0,4938781	0,6926078	0,5266228	0,3753469	0,2048041	0,5311326	0,6782633	0,2761268	0,7470844	0,7275931	0,5864151	0,7005351	0,0051318	0,0022859	0,2079128	0,3242209	0,0567432	0,1256445	0,7661732	0,7458571	0,9532411	0,3522952	0,0614498	0,1945166	0,4102233	0,0031770	0,5417380	0,3016487	0,3548360	0,0286167	0,5257049	0,6720262	0,9895822	0,2554691	0,7226070	0,1832592	0,9631901	0,2240723	0,1382324	0,5971096	0,1792531	1,0454405	0,3707255	0,6923623	0,8922231	0,1933278	0,7995266	0,3253026	0,8966620	0,1794290	0,2169748	0,4769056	0,5403751	0,9076379	0,4733807	0,8991032	0,9000496	0,4393196
980	0,5959906	0,5787395	0,5345080	0,4481262	0,8224910	0,5755565	0,4775073	0,7401574	0,5892599	0,3520016	0,1961922	0,5944805	0,7133368	0,2532901	0,8221985	0,7599521	0,5742777	0,6412717	0,0045390	0,0032827	0,1954740	0,4028890	0,0541108	0,1068918	0,7695024	0,7081343	0,9252552	0,3380854	0,0577938	0,2066534	0,4702446	0,0017730	0,5019959	0,3031010	0,3257863	0,0333114	0,5112620	0,5944429	1,0264861	0,2559651	0,7276499	0,1542829	0,9306594	0,2137679	0,1198380	0,5584264	0,1651943	1,0398690	0,4069902	0,6508490	0,9091415	0,1952664	0,7928123	0,3109816	0,9553352	0,1832519	0,2566680	0,4723783	0,5843088	0,8467200	0,4589324	0,9730872	0,8532772	0,3788207
1000	0,5814353	0,6073730	0,5524585	0,4503256	0,8036611	0,6331373	0,4543265	0,7495119	0,5525128	0,3030510	0,1742900	0,5756676	0,6517440	0,2586164	0,7561939	0,7680079	0,6165533	0,6988902	0,0103313	0,0016983	0,2063211	0,4231507	0,0807209	0,0863864	0,7035368	0,7348445	0,9461453	0,3067123	0,0662387	0,2304407	0,4742159	0,0003434	0,5307166	0,3281287	0,3461612	0,0359234	0,4773147	0,5498290	1,0199076	0,2447103	0,8268244	0,1544905	0,9174285	0,2209919	0,1220342	0,5636441	0,1191432	0,9838310	0,4071460	0,6327297	0,9409999	0,1886797	0,7372572	0,2338073	0,9440481	0,1985858	0,2369946	0,4496674	0,5780994	0,9204998	0,4715841	0,9619048	0,7772430	0,3891996
1020	0,6310114	0,5793914	0,5042845	0,4510973	0,7936087	0,6790822	0,4533128	0,7434920	0,5617326	0,3138813	0,1721427	0,5758504	0,6608964	0,2729952	0,8153795	0,8123464	0,5966048	0,7372304	0,0079858	0,0013336	0,1910553	0,4539075	0,0653338	0,0823598	0,6981272	0,6978824	0,8988087	0,2680729	0,0578065	0,2445126	0,4523907	0,0001390	0,5274061	0,3381674	0,3715212	0,0372153	0,4891435	0,5869545	0,9458658	0,2062707	0,8071165	0,1849439	0,9105025	0,2142374	0,1386810	0,5977154	0,1368900	0,9808491	0,3575568	0,5978274	0,9471427	0,1741887	0,7939678	0,2597799	0,9365715	0,2276332	0,2463513	0,4431188	0,5382859	0,9421837	0,4441894	0,9438545	0,7647330	0,3913352
1040	0,6222084	0,6118489	0,5505641	0,3724152	0,8037298	0,6769046	0,4620928	0,7342121	0,5541706	0,3376381	0,1709755	0,5986209	0,6803184	0,2468656	0,7967676	0,7840787	0,5742228	0,7525936	0,0090411	0,0000000	0,1902986	0,4527780	0,0438155	0,0958190	0,6597629	0,7345547	0,9130910	0,2741186	0,0524510	0,1974449	0,4126945	0,0000000	0,5713658	0,3827973	0,3506451	0,0403205	0,5085031	0,5927613	0,9220691	0,1956901	0,7768572	0,1807650	0,8602111	0,1772314	0,1606344	0,6189185	0,1216565	0,9843562	0,3595750	0,5966293	0,9200489	0,2302094	0,7936434	0,2581535	0,9440104	0,2478891	0,2790306	0,4584895	0,5551834	0,9863225	0,4271936	0,9128411	0,6989517	0,3849924
1060	0,6267566	0,5987193	0,5321213	0,4111275	0,7567097	0,7224833	0,4675941	0,7548225	0,5163900	0,3951966	0,2212428	0,5731844	0,6952849	0,2587606	0,7015276	0,7730694	0,5543336	0,7083220	0,0132350	0,0035858	0,1778179	0,4046651	0,0644422	0,1021432	0,7106155	0,6574906	0,9212310	0,3329660	0,0607367	0,2238092	0,4211254	0,0011433	0,6178222	0,4143025	0,3819186	0,0360932	0,5023312	0,5940908	1,0066260	0,2276772	0,8137663	0,1522981	0,8377192	0,1813922	0,1662727	0,6069475	0,1176692	1,0017131	0,3744076	0,5962174	0,9860269	0,2292871	0,7506543	0,2957883	0,9518404	0,2823717	0,2616444	0,5900328	0,6075557	0,9354335	0,4678192	0,9394891	0,7027257	0,3325632
1080	0,5807122	0,5785603	0,4953257	0,4764337	0,8071483	0,6830247	0,4968551	0,7271447	0,5074260	0,4572787	0,2700453	0,5374566	0,6186060	0,2778749	0,6934214	0,7380647	0,5179247	0,7303038	0,0082317	0,0067147	0,2053138	0,3576458	0,0584025	0,1198232	0,7245416	0,7081580	0,9657422	0,3430827	0,0771876	0,2292710	0,4351992	0,0014466	0,5765638	0,3791965	0,3833657	0,0417339	0,5031670	0,6377763	0,9845759	0,2272828	0,7237084	0,1701108	0,9316511	0,1480878	0,1612170	0,5964940	0,1083893	1,0337732	0,3760609	0,5748369	0,9354674	0,2126303	0,7326712	0,3006216	0,9945182	0,2665904	0,2896652	0,6141186	0,6144911	0,9308481	0,4480999	0,9462486	0,8049232	0,3438345
1100	0,5928982	0,5591555	0,4657341	0,4704858	0,7616648	0,7285358	0,4924562	0,7130303	0,5081939	0,4534392	0,2618104	0,4808359	0,6470688	0,2887040	0,7111816	0,7650654	0,5175938	0,7185987	0,0102675	0,0005490	0,1759792	0,4016925	0,0659366	0,1174275	0,7322492	0,6966035	1,0416804	0,3740147	0,0660400	0,2268229	0,4372216	0,0007925	0,5385945	0,3724102	0,3432707	0,0390674	0,5952134	0,6244177	0,9669241	0,2675969	0,6923790	0,1844962	0,9935105	0,1590533	0,1619409	0,5903029	0,1302569	0,9887241	0,3675536	0,6180183	0,8558815	0,2005577	0,7729642	0,2930969	0,9344968	0,3141141	0,2965413	0,6235946	0,6413496	0,9974915	0,4861782	0,9396549	0,7712868	0,3797628

0	0,5395862	0,6767542	0,5439019	0,5091957	0,8312002	0,6706050	0,4418857	0,6624448	0,4522177	0,5596729	0,1998400	0,5221288	0,6180368	0,3324114	0,7490338	0,7839795	0,5346745	0,7404448	0,0157864	0,0017709	0,2085649	0,2835339	0,0761841	0,1848712	0,7618372	0,7731345	0,9429673	0,4210163	0,0798527	0,2546479	0,4328205	0,0005026	0,5941943	0,4544619	0,3352314	0,0451189	0,5561952	0,7068761	1,0445583	0,2919150	0,7761423	0,1838384	0,9700039	0,1743543	0,2309267	0,5267793	0,0972665	1,0675199	0,4866894	0,6314319	0,9584337	0,1883482	0,7688648	0,2619535	0,9995399	0,2473337	0,2486138	0,4922794	0,6156741	0,9693634	0,5191243	0,8604995	0,7977280	0,3812659
20	0,5812379	0,5833550	0,5202700	0,4333575	0,8157232	0,5563748	0,4771410	0,7108538	0,4854989	0,5010492	0,2043542	0,4626314	0,5480628	0,3222480	0,5606123	0,8148390	0,6168523	0,7335903	0,0163374	0,2020656	0,2037148	0,4386570	0,1481823	0,1563644	0,7408188	0,7335980	0,9072279	0,3996512	0,0698809	0,5713120	0,3522579	0,0001073	0,5644925	0,2824078	0,3682609	0,2000419	0,5701059	0,6397056	0,9685746	0,4808636	0,8091775	0,1929476	1,0209430	0,1475383	0,2555597	0,5305662	0,0821785	0,9678969	0,2591830	0,5453892	0,8725118	0,1935651	0,8652063	0,2161129	0,9597723	0,6733626	0,2177014	0,4785151	0,5042101	0,8606469	0,4660904	0,7693035	0,6196471	0,3643114
40	0,5954083	0,6120078	0,5903162	0,4128505	0,7812014	0,4965969	0,4454438	0,7059570	0,4916937	0,4675101	0,2027314	0,4873266	0,6030353	0,3140136	0,4852283	0,7941150	0,6194469	0,8110324	0,0088684	0,2583710	0,2014242	0,5032021	0,2793092	0,2044728	0,7440642	0,7603500	0,9744934	0,4100536	0,0888661	0,6726735	0,3721465	0,0016057	0,6218670	0,2356358	0,3994186	0,2848234	0,5457517	0,6326284	0,9954143	0,5129573	0,8506293	0,1726740	0,9669509	0,1268847	0,2647377	0,5283299	0,0793368	1,1017039	0,2395700	0,5201648	0,9337799	0,1834371	0,9246805	0,1862777	0,9560384	0,7792411	0,2170890	0,5345338	0,4909793	0,8758411	0,4315389	0,7094469	0,5954050	0,3379661
60	0,5812955	0,6584467	0,5389506	0,4623304	0,8068446	0,3558769	0,4850833	0,6939981	0,4973995	0,4161868	0,2191664	0,4933940	0,6005793	0,3281489	0,4844023	0,8328509	0,5984433	0,8690819	0,0140201	0,2627807	0,1867834	0,5331538	0,3862433	0,2033568	0,7367998	0,7536318	0,9783350	0,3690397	0,0661310	0,7206284	0,3811322	0,0000034	0,6103818	0,2076802	0,3388666	0,3249265	0,5605557	0,6896169	1,0273182	0,5762742	0,8238569	0,1724806	0,9547279	0,1712769	0,3172301	0,5243124	0,0751997	1,0858561	0,2323300	0,6010470	0,8754010	0,1888825	0,9468939	0,1971457	0,9984904	0,8180679	0,2426062	0,5032611	0,4601895	0,9291764	0,4676970	0,6812388	0,5794305	0,3673427
80	0,5981510	0,6650975	0,5341562	0,4679670	0,8326856	0,3238557	0,5263538	0,7807991	0,4848198	0,4240607	0,2259114	0,4635826	0,5881333	0,2939633	0,4873957	0,8300378	0,6156850	0,9142517	0,0149561	0,2586665	0,1871646	0,5393991	0,4266781	0,2120897	0,7166736	0,7303936	0,9508841	0,3736544	0,0680623	0,7319913	0,3939622	0,0024988	0,5770839	0,2083717	0,3513441	0,3786877	0,6408604	0,6639283	1,0082809	0,6192573	0,8235911	0,1947999	0,9329471	0,1906288	0,3497036	0,5367659	0,1254886	1,1261791	0,2247789	0,6992291	0,8554869	0,2256205	0,9427755	0,2242019	0,9336407	0,8935522	0,2531652	0,4765643	0,4279531	0,9890532	0,4378526	0,6519710	0,7051342	0,2893309
100	0,6071892	0,5910999	0,5044084	0,4632103	0,8146666	0,3010318	0,5211067	0,8206171	0,5548675	0,3998831	0,1943388	0,4774794	0,6444828	0,2674930	0,5130788	0,8432386	0,6343597	0,9524576	0,0070637	0,2451169	0,1756504	0,5571508	0,4479352	0,1591092	0,7251762	0,6821653	0,9954558	0,3373205	0,0873216	0,7410268	0,3747540	0,0038184	0,5849393	0,2194548	0,3481423	0,4160771	0,5906829	0,6694630	0,9719100	0,6158877	0,9233192	0,1795109	0,9355634	0,1976201	0,4013291	0,5559952	0,1352658	1,0815695	0,2152105	0,7546921	0,8598656	0,2653980	0,9771138	0,2339042	0,8924297	0,9828674	0,2239628	0,5158393	0,4379356	0,9776921	0,4500713	0,7112446	0,6726688	0,4032937
120	0,6207501	0,6260465	0,6079856	0,3983226	0,8350737	0,3328797	0,4957439	0,7992161	0,6165640	0,3883233	0,1665570	0,4430063	0,6234267	0,2868708	0,5387813	0,8570004	0,6155307	1,0274482	0,0127726	0,2459100	0,1901051	0,5967473	0,4556367	0,1871833	0,7396143	0,6878274	0,9679001	0,3153525	0,0914178	0,7373257	0,3798209	0,0018377	0,5753709	0,1933908	0,3821270	0,4108403	0,6663197	0,6902165	1,0352590	0,6171006	0,9382107	0,1726686	0,9028359	0,1966846	0,4288954	0,5213886	0,1363330	1,0257199	0,2015515	0,7241396	0,8469782	0,2652658	0,8812430	0,2583582	0,8892007	0,9725608	0,2167638	0,4571662	0,3971337	0,8642388	0,5002605	0,7536577	0,6553008	0,4318301
140	0,6873143	0,6198679	0,5503412	0,3514575	0,7933505	0,2889688	0,4240692	0,7563115	0,5624965	0,3624402	0,1171349	0,4247959	0,5748684	0,2997913	0,4868871	0,7583105	0,6137045	1,0258623	0,0118425	0,2863622	0,1620637	0,6881395	0,4155016	0,1955291	0,7509212	0,6836869	0,9714143	0,3006380	0,0711457	0,7024809	0,3610897	0,0013365	0,6298000	0,1840308	0,3498816	0,4132789	0,6089206	0,5743526	1,0469198	0,6408540	0,9260922	0,1648877	0,8089413	0,2114071	0,4647550	0,5451238	0,1238736	1,0405415	0,1995445	0,6751473	0,8396348	0,2145998	0,9234141	0,2750638	0,9669457	0,8270192	0,2479362	0,4882900	0,3793218	0,9811438	0,5522282	0,8718957	0,6419158	0,4440400
160	0,7381448	0,5678770	0,5178472	0,3422264	0,8286111	0,3456622	0,4367935	0,7537637	0,4862357	0,3180253	0,1187055	0,4688412	0,6306225	0,2930929	0,4501220	0,7904823	0,6034361	1,0151315	0,0234521	0,3032493	0,1481865	0,6600364	0,3726460	0,1655007	0,7110886	0,7233837	0,9771560	0,2598892	0,0839165	0,7111604	0,3906931	0,0031599	0,6130030	0,2077043	0,3452375	0,4206043	0,5844654	0,5378628	1,0092680	0,6700056	0,8953662	0,1352416	0,7417690	0,1700467	0,4720693	0,5370808	0,0894254	1,0451628	0,1719450	0,6142247	0,8019614	0,2311749	0,8830772	0,2501943	0,9061243	0,8388482	0,2653999	0,4818613	0,3324808	0,9438563	0,6040090	0,8880856	0,5403494	0,4005429
180	0,7323646	0,5969361	0,5710758	0,3365043	0,8220015	0,3488421	0,4301420	0,7614680	0,4448461	0,3136330	0,1187606	0,4783877	0,6241092	0,2729489	0,4319033	0,8137391	0,6448662	0,9783790	0,0250085	0,2815123	0,1272015	0,6377281	0,4044996	0,1673324	0,7567124	0,6912958	0,9784938	0,2414874	0,0641404	0,7887444	0,4301599	0,0015572	0,6698201	0,2134882	0,3553894	0,3756423	0,6148170	0,4954114	1,0244247	0,7077596	0,8870547	0,1081692	0,7027947	0,1817530	0,4400657	0,5239950	0,0768188	1,0509653	0,1449821	0,6011672	0,8074811	0,2643737	0,8978467	0,2485368	0,8810434	0,8968923	0,2321689	0,5318581	0,3049918	0,9337437	0,6438810	0,9867038	0,4897236	0,4168861
200	0,6828288	0,5924590	0,5494392	0,3510401	0,8486060	0,3160126	0,4482689	0,7528271	0,5217315	0,3230757	0,1369355	0,4358685	0,6641461	0,2749446	0,4388213	0,8487929	0,6125019	0,9611336	0,0222721	0,3021906	0,1036633	0,6139252	0,4179543	0,1572669	0,7422067	0,6381568	0,9645765	0,1832377	0,0952429	0,7992718	0,4450435	0,0012314	0,6799031	0,1833971	0,3522220	0,4035086	0,6008202	0,5394574	1,0039038	0,7113920	0,8811121	0,1106867	0,6437017	0,1604427	0,4387997	0,5414819	0,0718740	1,0717064	0,1178488	0,5179088	0,8513676	0,2652864	0,9891149	0,2327409	0,9002501	0,9476964	0,2078254	0,5047722	0,2857782	0,9028824	0,6482467	0,9492782	0,4389150	0,3903725
220	0,7236463	0,6161557	0,6117325	0,3902118	0,7677669	0,2865950	0,5230375	0,7393250	0,5087855	0,3437455	0,1312585	0,4654155	0,6409436	0,2617829	0,4672442	0,8520566	0,6932587	1,0322107	0,0140865	0,2644447	0,0870027	0,6384576	0,4201306	0,1539669	0,7953067	0,6636612	0,9607449	0,1527920	0,0841981	0,8034134	0,4493244	0,0051170	0,6742609	0,1572615	0,3443501	0,4253087	0,5872815	0,5211852	0,9730429	0,6569560	0,9193086	0,0895339	0,7052527	0,1595627	0,4460235	0,5125961	0,0655944	1,0056473	0,1313679	0,5332449	0,8917488	0,3020982	0,9970815	0,2754120	0,9011439	0,9709968	0,2513825	0,5085557	0,3424009	0,9533639	0,6194476	0,9067224	0,4408668	0,3551755
240	0,6623504	0,6155187	0,6377908	0,4095786	0,7439285	0,2334634	0,5373406	0,8160644	0,5370948	0,3041564	0,1295000	0,4696566	0,6305957	0,2910802	0,4606339	0,8609289	0,6690728	0,9971959	0,0195538	0,2480023	0,0868514	0,7085457	0,4254975	0,1641806	0,8766846	0,6801950	0,9317576	0,1505335	0,0850883	0,7622777	0,4801605	0,0055218	0,6699088	0,1392854	0,3238707	0,3963026	0,6024799	0,5162414	0,9574025	0,6767224	0,9086505	0,0976335	0,6913475	0,1890707	0,4716151	0,5582537	0,0619201	1,0197755	0,1234202	0,5110529	0,8606773	0,3348855	0,9859625	0,2482094	0,8893198	0,9719596	0,2143876	0,4839164	0,3730950	0,9977655	0,5937658	0,8217499	0,4845055	0,3962137
260	0,6562705	0,5963261	0,6193891	0,3951340	0,7176160	0,2278205	0,5369893	0,8306181	0,4859412	0,2509309	0,1255847	0,4819576	0,6085826	0,3111131	0,4871764	0,8092572	0,6676671	1,0387902	0,0280285	0,2601078	0,0965828	0,7724170	0,4493506	0,2027446	0,8715650	0,7327161	0,9162389	0,1284300	0,0826051	0,7775161	0,4067257	0,0077443	0,6558583	0,1578892	0,3221018	0,4123936	0,5591368	0,5312674	0,9908577	0,6347946	0,9050189	0,1130905	0,6696048	0,1633242	0,4634355	0,6222541	0,0533250	1,0322968	0,1277982	0,5143624	0,8342989	0,3807245	0,9670932	0,2938082	0,8903642	0,8848793	0,2298898	0,4792900	0,3534682	1,0502004	0,6365831	0,8398801	0,4310955	0,4191581
280	0,6524820	0,5546927	0,5454556	0,3886733	0,7543404	0,2679313	0,4924607	0,7721565	0,5260241	0,2826591	0,1244745	0,4934831	0,6235442	0,3036045	0,4591638	0,8229285	0,7049667	0,9338897	0,0240222	0,2516496	0,0981880	0,7420758	0,4278969	0,1963840	0,8580517	0,7782490	0,9449031	0,1043615	0,0938789	0,7709767	0,4307187	0,0037198	0,6118101	0,1581396	0,3406228	0,4223842	0,6008106	0,5054245	0,9873572	0,6767184	0,9024599	0,0921110	0,6303489	0,1721625	0,4572554	0,6307562	0,0549803	1,0082113	0,1171481	0,5342863	0,8699971	0,3687682	0,9360558	0,2994164	0,9236346	0,9443375	0,2565315	0,4995309	0,3883042	0,9878560	0,6289617	0,8901766	0,4571294	0,3918613
300	0,6282245	0,6564400	0,5523746	0,3302845	0,8260203	0,2662517	0,4755793	0,8109069	0,5231046	0,2730486	0,1375255	0,4826191	0,6262772	0,2930161	0,4821915	0,8158057	0,6880264	0,8838613	0,0247180	0,2895344	0,0941035	0,7500671	0,5094876	0,2019407	0,8837899	0,7286088	0,9620193	0,0941978	0,0716231	0,7917567	0,4464526	0,0025634	0,5946622	0,1968346	0,3274384	0,4441799	0,5982958	0,5000765	0,9910029	0,6265866	0,9195200	0,0934678	0,6112893	0,1528224	0,4185393	0,6019158	0,0388779	0,9829354	0,1345020	0,5101763	0,8848361	0,3526283	0,8730612	0,3495271	0,9978655	0,9247212	0,2648582	0,5271722	0,3662452	0,9638911	0,6442512	0,8800158	0,5204371	0,3580534
320	0,6875478	0,6120585	0,4933798	0,3973599	0,8340333	0,2823076	0,4301372	0,7637104	0,6040603	0,2938570	0,1359243	0,4853376	0,6682601	0,2854007	0,4707027	0,7935295	0,6893763	0,9653775	0,0267863	0,3191830	0,1085825	0,7882895	0,5002328	0,2017926	0,8749838	0,7605499	0,9835414	0,1215794	0,0917439	0,7870149	0,4912250	0,0029758	0,5388928	0,2061286	0,3548362	0,5070355	0,6091334	0,5048288	1,0143183	0,5974157	0,9386110	0,0892042	0,6099051	0,1433853	0,4006307	0,6191181	0,0702277	0,9441089	0,1425645	0,4709857	0,8642559	0,4383609	0,8908711	0,3836712	0,9759557	0,9700500	0,2848925	0,5460671	0,3650537	1,0018700	0,6577216	0,9175206	0,5597655	0,3759408
340	0,6733372	0,6183193	0,4974390	0,4096104	0,8202687	0,2577010	0,3875478	0,7902033	0,5769692	0,3220862	0,1534614	0,4875076	0,6474148	0,2959392	0,4401228	0,8543916	0,6443399	0,9530295	0,0261118	0,2885018	0,1091005	0,7572596	0,4765410	0,1733104	0,8424452	0,7652186	0,9345404	0,1004204	0,0849218	0,7261314	0,4929537	0,0044239	0,5299507	0,1939598	0,3543296	0,4458636	0,6252147	0,5437553	0,9392691	0,6126785	0,9301292	0,1015012	0,5785543	0,1952686	0,4333086	0,5614203	0,0660041	1,0589469	0,1529089	0,5300623	0,8522982	0,4837459	0,9179451	0,4246989	0,9409644	0,9708482	0,2849248	0,5506643	0,3159057	0,9417936	0,6673742	0,9193711	0,5465425	0,4212201
360	0,6442108	0,6293539	0,4414889	0,4125368	0,8316181	0,3067065	0,3859847	0,8275603	0,5862505	0,3251166	0,1785881	0,4403140	0,6342580	0,2930853	0,4712388	0,8965659	0,6146425	1,0157699	0,0193890	0,2583706	0,1228832	0,8074047	0,4917821	0,1630530	0,8349933	0,7480912	0,9240641	0,0998980	0,0875679	0,6757720	0,5208305	0,0075915	0,5701747	0,2165500	0,4018048	0,4621232	0,5371317	0,5324556	0,9784721	0,6945654	0,8740118	0,1122235	0,5652461	0,1931110	0,4404145	0,5560030	0,0701455	1,0202797	0,1380065	0,5788229	0,7873169	0,4703495	0,9360231	0,3661878	0,9439772	0,9038155	0,2566739	0,5615427	0,3402503	0,9477644	0,6570989	1,0061134	0,5196805	0,3364692
380	0,6024396	0,6212300	0,5590627	0,4120912	0,8589091	0,2842073	0,4320888	0,8155043	0,5577666	0,3312222	0,1794120	0,4613486	0,6228228	0,2787593	0,5154286	0,8270119	0,6791256	0,9437438	0,0262056	0,2554935	0,1298917	0,7954138	0,5190029	0,1331880	0,7519513	0,7349073	0,8807436	0,1006126	0,0947869	0,7905646	0,4759857	0,0068890	0,6316940	0,2183632	0,3744258	0,4267938	0,6307406	0,5340330	0,9541385	0,7227535	0,9842759	0,0860223	0,5847279	0,1929739	0,4644317	0,5545099	0,0869927	1,0159914	0,1570957	0,5776902	0,7099538	0,4300109	0,9580079	0,3844042	0,9676102	0,8548164	0,2653669	0,5546018	0,3554311	0,9186184	0,6085451	0,9903999	0,4736381	0,3662738
400	0,6128800	0,5697059	0,5469206	0,3586878	0,8218236	0,2792343	0,4650565	0,7079653	0,5717400	0,3970681	0,1955001	0,4546236	0,6080323	0,2786918	0,5151038	0,8090079	0,7122402	0,9634331	0,0343241	0,2742387	0,1174405	0,8000583	0,4985688	0,1329376	0,7905672	0,6807985	0,8574840	0,0920089	0,0873855	0,7116991	0,4579394	0,0059571	0,5967991	0,2368190	0,4474420	0,4274691	0,6747448	0,5444294	0,9846999	0,7142152	0,8996410	0,0698526	0,5850519	0,2288000	0,4583859	0,5647159	0,0824857	1,0326420	0,1759578	0,6519361	0,8250316	0,4217744	1,0203865	0,3243765	0,8830213	0,9042463	0,2675490	0,5552524	0,3543876	0,9093048	0,6398669	0,8588960	0,5711628	0,3454027
420	0,6311661	0,5128774	0,5316578	0,4202035	0,7784183	0,3114524	0,4779174	0,7436295	0,5280083	0,4163763	0,1793186	0,4663229	0,6045186	0,3111114	0,4826798	0,8118091	0,6994168	1,0317250	0,0320572	0,2788932	0,0984837	0,7806588	0,5081549	0,1481052	0,8055409	0,6685130	0,8822020	0,1284190	0,0825643	0,7465543	0,4355001	0,0024343	0,5561846	0,1977895	0,4317619	0,4025553	0,6208119	0,5396646	0,9197490	0,6533664	0,9486741	0,1017839	0,6461557	0,1950278	0,4850382	0,5912910	0,1294183	0,9942316	0,1796955	0,6039452	0,8269866	0,4182109	0,9354081	0,3328423	0,8391023	0,8454617	0,2460531	0,5480488	0,4027663	0,9759828	0,6291338	0,8400955	0,5277952	0,4430538
440	0,6039030	0,5494945	0,5007345	0,3865681	0,8627525	0,2958827	0,5163365	0,7455722	0,5168520	0,4301470	0,1775643	0,4640743	0,5366987	0,2819333	0,4638884	0,8320383	0,6834523	1,0313903	0,0369624	0,2784618	0,1084401	0,7527330	0,4384992	0,1827309	0,8141344	0,6425213	0,8892711	0,1358482	0,0905462	0,7783382	0,4151228	0,0028582	0,5154229	0,2046236	0,4043812	0,4366327	0,6219692	0,5078424	0,9118371	0,6029737	0,9483508	0,1158090	0,6586087	0,1826497	0,4721078	0,6149507	0,1162755	0,9499339	0,1751940	0,6293049	0,8776366	0,4161137	0,9639504	0,3450156	0,8995220	0,8093806	0,2308643	0,5271781	0,4064931	1,0134523	0,6240763	0,8387659	0,6132757	0,4048051
460	0,6197721	0,5440956	0,5089182	0,3073586	0,7988540	0,3067793	0,4555363	0,7758163	0,4951089	0,4173127	0,1678505	0,4862144	0,5660860	0,2650113	0,4858349	0,8229532	0,6646791	0,9378692	0,0421667	0,2897136	0,0945171	0,7216433	0,4345904	0,1913310	0,6976142	0,6818578	0,8550928	0,1501633	0,0939840	0,8073342	0,4071873	0,0024446	0,5148095	0,1897006	0,4052552	0,4692496	0,5853957	0,5561267	0,9595492	0,6114386	0,9614588	0,1082558	0,6152211	0,1650844	0,5180726	0,5735778	0,0957621	1,0390739	0,1897805	0,6260720	0,7953458	0,4006711	0,9977925	0,3297278	0,9024400	0,8394363	0,2604289	0,5466645	0,3819098	0,9769784	0,6332450	0,8624195	0,6323109	0,4104013
480	0,7144179	0,6342015	0,5815533	0,3781511	0,8014491	0,2807056	0,4235247	0,7027259	0,5548728	0,4071060	0,1854344	0,4658128	0,5917820	0,2655097	0,4413296	0,8215252	0,6299284	0,9477315	0,0374106	0,3134994	0,1101506	0,7219938	0,4828245	0,1906343	0,6873529	0,6751673	0,8666339	0,1343537	0,1053179	0,8323771	0,4712349	0,0028728	0,5711026	0,1873446	0,4526325	0,4461128	0,5597145	0,5928175	0,9427879	0,6620940	0,9606236	0,1078924	0,6233769	0,1733620	0,4866296	0,5442894	0,0817118	1,0101139	0,1728594	0,5866421	0,8133157	0,3521860	0,9470384	0,3744724	0,9835065	0,8267590	0,2896579	0,5571061	0,3670189	0,9587894	0,6690507	0,8762385	0,6352876	0,3706860
500	0,7010488	0,5979904	0,5535250	0,4445456	0,7730860	0,3015743	0,4886368	0,7505354	0,5138919	0,3715407	0,1957895	0,4790555	0,6309034	0,2605794	0,4353020	0,8258246	0,6826247	0,9467568	0,0278480	0,2922651	0,0771077	0,7862999	0,4884899	0,1922056	0,7441605	0,6871802	0,9276618	0,1273303	0,1053036	0,7356039	0,4685075	0,0045638	0,5493221	0,1533406	0,4328714	0,4204797	0,6002016	0,6068079	0,9908639	0,6709413	0,9097989	0,1159105	0,6199710	0,1884514	0,4951883	0,5951654	0,0712061	1,0088085	0,1729875	0,5891370	0,8204461	0,3705875	0,9035518	0,3505402	0,9688528	0,8833114	0,2833997	0,5712660	0,3540225	0,9036903	0,7283374	0,8840918	0,5882237	0,3780128
520	0,6717959	0,6065708	0,5856943	0,4465394	0,7951347	0,2787259	0,5349074	0,7650753	0,4703913	0,3594365	0,1613219	0,5175708	0,6117384	0,2640902	0,3994720	0,7562215	0,6316956	0,9796509	0,0155641	0,2470411	0,0916427	0,6929156	0,4803103	0,1475677	0,7617218	0,7051083	0,8698188	0,1235486	0,1224751	0,7321372	0,4915110	0,0047935	0,5975801	0,1820533	0,3994688	0,4277946	0,5862995	0,5725406	0,9290765	0,6674556	1,0163438	0,0976175	0,6720493	0,1773971	0,5167927	0,5735276	0,0762163	1,0137857	0,1547460	0,6141327	0,7926852	0,3641907	0,9176989	0,3911426	0,9002589	0,9440593	0,2871881	0,5523716	0,3512613	0,9239453	0,7246611	0,8716765	0,5808102	0,3720927
540	0,6488110	0,6043860	0,5291379	0,3597842	0,7550967	0,2981977	0,4769757	0,7503855	0,4992050	0,3363018	0,1597421	0,4274278	0,5859916	0,2932621	0,4805404	0,7340473	0,6741476	0,9182778	0,0101382	0,2947184	0,0874003	0,7312323	0,4825959	0,1462970	0,6739711	0,6712709	0,8229822	0,0853532	0,0966419	0,6912479	0,4613496	0,0015247	0,6072825	0,1868747	0,4312895	0,3989029	0,6081416	0,5996767	0,9568959	0,5963085	0,9364568	0,0889338	0,6968391	0,1673687	0,5163446	0,6357272	0,0852124	1,0448648	0,1403394	0,5535858	0,8141794	0,4045161	0,8916310	0,4214263	0,8791451	0,9705351	0,2784890	0,5632667	0,3771609	0,9474746	0,7063355	0,9080023	0,5315985	0,3940564
560	0,7266421	0,5827902	0,5513719	0,3708921	0,7158997	0,2801060	0,4421262	0,7787913	0,5504034	0,3472683	0,1671725	0,4684190	0,5976482	0,2518123	0,4362302	0,7599411	0,7215850	0,8967378	0,0227596	0,2451728	0,1018182	0,7608472	0,4315484	0,1490730	0,7041805	0,6826164	0,8407449	0,0849900	0,1034782	0,7516824	0,4480437	0,0000000	0,6190709	0,1859462	0,3874853	0,3798064	0,5253256	0,5702692	0,9838147	0,6233249	0,9572759	0,0931659	0,7014575	0,1560075	0,5177522	0,6476400	0,0937863	1,0028409	0,1511568	0,5110788	0,8725062	0,4216856	0,8918858	0,4386475	0,9897837	0,9996421	0,2663726	0,5952105	0,3928237	0,9415510	0,6424938	0,8767371	0,5304533	0,3849011
580	0,7240460	0,5855259	0,5740879	0,3456804	0,7538784	0,5015749	0,4765256	0,7982642	0,5756730	0,2718951	0,1628276	0,5072823	0,6610645	0,2406732	0,6892311	0,8105216	0,7111373	0,9543678	0,0137106	0,0662629	0,1007399	0,6408221	0,3668088	0,1457194	0,7430454	0,7418650	0,8655326	0,1209408	0,0950444	0,3792526	0,4760487	0,0045389	0,5860793	0,2565329	0,3559083	0,2548160	0,4749708	0,5238097	0,9251072	0,3500438	0,8357852	0,0916546	0,6808695	0,1356121	0,3735757	0,6633326	0,0820722	1,0193013	0,2115991	0,5003123	0,8000755	0,3936160	0,8184373	0,4335551	0,9613461	0,6151544	0,2646258	0,5797248	0,4789217	0,9943050	0,6069004	0,8820003	0,6754925	0,3356066
600	0,6929742	0,5726836	0,5441795	0,3566024	0,7549126	0,6604531	0,4943031	0,7782644	0,4967228	0,2872164	0,1551785	0,5599573	0,6790824	0,2333149	0,8059562	0,8964400	0,6406085	0,9079562	0,0237071	0,0327020	0,0971674	0,5348804	0,3868700	0,1350751	0,7355722	0,7363384	0,8695924	0,1363236	0,0699626	0,2300904	0,4744750	0,0045912	0,6072076	0,2737135	0,3237527	0,1721522	0,4762445	0,5323825	0,9064073	0,2499043	0,7937055	0,0812678	0,6728718	0,1513264	0,3333867	0,6286476	0,0642413	1,0490655	0,2009427	0,5125230	0,8504824	0,3601756	0,7926117	0,4378975	0,9591304	0,4876699	0,2358923	0,5500542	0,5458303	0,9849998	0,6300193	0,8596796	0,6400457	0,3352522
620	0,6755785	0,6082168	0,4915912	0,3686749	0,7616263	0,6808684	0,4789343	0,7992214	0,4883889	0,3231294	0,1594882	0,5783864	0,7000812	0,2348462	0,7641374	0,9004845	0,5754462	0,9180980	0,0164923	0,0152255	0,1033451	0,4938676	0,4255526	0,1632559	0,7289029	0,7480428	0,9237946	0,2035601	0,0660903	0,2033696	0,4772238	0,0024430	0,5571510	0,3378834	0,3295848	0,1307687	0,4676697	0,5390660	0,9017142	0,2023469	0,7502501	0,1021792	0,7945591	0,1311980	0,3186215	0,5862203	0,0530693	0,9968565	0,2667632	0,5496222	0,7688201	0,2509064	0,7257870	0,3615248	0,8879412	0,4553023	0,2580883	0,5479915	0,5632759	0,9377944	0,6685863	0,8993883	0,6240268	0,3794502
640	0,6501289	0,6611137	0,5471925	0,3683777	0,7841808	0,6819320	0,5131296	0,7809130	0,5146397	0,3232694	0,1713657	0,5764476	0,6154418	0,2264035	0,7978189	0,8199778	0,5866684	0,8700225	0,0149365	0,0045316	0,1170384	0,4113136	0,4941816	0,1435330	0,7434417	0,7546376	1,0193072	0,2523037	0,0590413	0,1618914	0,4361791	0,0039462	0,5478466	0,3783545	0,3419211	0,1023439	0,4514034	0,5417116	0,8727439	0,1799444	0,7760606	0,1179539	0,8861147	0,1305091	0,2831813	0,6006347	0,0565560	0,9902369	0,2947101	0,4871175	0,8437000	0,2181218	0,6802894	0,3283603	0,9107673	0,3762517	0,2220976	0,5756210	0,6054729	0,9694373	0,6496645	0,8480934	0,6458307	0,3603397
660	0,6646117	0,6533996	0,5426349	0,3623546	0,7631737	0,7026625	0,5427753	0,7912459	0,5508510	0,3208150	0,2001628	0,6151479	0,6169458	0,2626096	0,7079374	0,7669253	0,5472050	0,8272838	0,0108408	0,0039410	0,1195715	0,4112980	0,4247874	0,1257673	0,7697173	0,7476514	1,0529457	0,2442478	0,0797405	0,1225124	0,4354163	0,0024949	0,6210193	0,4150561	0,3799851	0,0828566	0,4535050	0,5291910	0,8893072	0,1967494	0,7162742	0,1128245	1,0204160	0,1663565	0,2714978	0,5840605	0,0380074	1,0254217	0,2984424	0,4933644	0,8726809	0,2149509	0,6564269	0,3276957	0,8969781	0,3796857	0,2333110	0,5123510	0,5833492	0,9960779	0,6098013	0,8051224	0,6019579	0,3657611
680	0,6341520	0,5996625	0,5796543	0,3206096	0,7657573	0,6842391	0,5101081	0,8060965	0,5444129	0,3047609	0,2052137	0,5765242	0,6331265	0,2548340	0,7599113	0,7722129	0,5471048	0,8177901	0,0191934	0,0006834	0,1436412	0,3920733	0,3144082	0,1431550	0,7857585	0,7306851	1,0346156	0,3080126	0,0723402	0,1796402	0,4665733	0,0032114	0,6266098	0,4392938	0,3910374	0,0481314	0,4200846	0,5924973	0,9474303	0,2054010	0,7662646	0,1207625	1,0494185	0,1566908	0,2372647	0,5928729	0,0775941	1,0586124	0,2697291	0,5034038	0,8612714	0,2070172	0,6534696	0,3981924	0,8805044	0,3358449	0,2912747	0,5456690	0,6257446	1,0108555	0,5735578	0,8785029	0,6820883	0,3882172
700	0,6578263	0,6052577	0,5450972	0,3843390	0,7854295	0,6445190	0,5206235	0,7695960	0,5447660	0,3229180	0,2409432	0,5506739	0,6291784	0,2919734	0,7759491	0,7898113	0,5680236	0,7923279	0,0094569	0,0022184	0,1471634	0,3628688	0,2195487	0,1188364	0,7543044	0,7615542	0,9427980	0,3353835	0,0776350	0,2080231	0,4846644	0,0004621	0,6084725	0,4628839	0,3461966	0,0489677	0,4601588	0,6883834	0,8839865	0,2293933	0,8102436	0,1424798	1,0653915	0,1768295	0,2489037	0,5971853	0,0884582	0,9893957	0,3216719	0,5016131	0,8800389	0,2008938	0,6723515	0,4648094	0,9243858	0,3305212	0,2981473	0,5514521	0,6011827	0,9874632	0,5372523	0,8846759	0,7063326	0,3414752
720	0,6562941	0,6819052	0,5181449	0,4299289	0,8107231	0,7106044	0,4910403	0,7483063	0,5700990	0,2977092	0,2409000	0,5616829	0,5902088	0,2598155	0,7539323	0,7732217	0,5455562	0,7399274	0,0101843	0,0016904	0,1764322	0,3708938	0,1451215	0,1636133	0,7811283	0,7335904	0,9242912	0,3505256	0,0685937	0,2471200	0,4801290	0,0027480	0,5820835	0,5200810	0,3922654	0,0394261	0,5097469	0,7731955	0,9237634	0,2426276	0,7958649	0,1546998	1,0322530	0,1794024	0,2410386	0,5767939	0,1045646	1,0414468	0,3451491	0,5549550	0,9024429	0,1733511	0,6959694	0,4520100	0,9787576	0,3141540	0,2807854	0,5067681	0,6322434	1,0228504	0,5151793	0,9596573	0,6705437	0,3914605
740	0,6070773	0,6668746	0,4613704	0,4140049	0,8775501	0,6581552	0,4581651	0,8201652	0,5660497	0,3387788	0,2515077	0,5645850	0,5981335	0,2611878	0,7727795	0,7799737	0,5808181	0,7224805	0,0138915	0,0032296	0,2164245	0,3993365	0,0853661	0,1738996	0,7854453	0,7427446	0,9267675	0,3850017	0,0775445	0,2706386	0,5090690	0,0006705	0,5982667	0,5012653	0,3553277	0,0312738	0,5151029	0,7622222	0,9659720	0,2482158	0,8051685	0,1726811	1,0047162	0,1841659	0,2220577	0,5490570	0,1230378	1,0216303	0,3963514	0,6095905	0,8768466	0,1870833	0,6889622	0,4146058	0,9205017	0,2449181	0,2702580	0,5250527	0,6209775	1,0361053	0,5534726	0,9867222	0,6290629	0,3744188
760	0,5598488	0,6483983	0,4687992	0,4821710	0,8677872	0,6505980	0,4332926	0,7283994	0,5730630	0,3952062	0,2713067	0,5369166	0,6346629	0,3159833	0,7648948	0,8112113	0,6100244	0,7458018	0,0093884	0,0057142	0,2129549	0,4065498	0,0671281	0,1759743	0,8117524	0,6906167	0,9565085	0,4176936	0,0774393	0,3045546	0,4445222	0,0005483	0,5848300	0,4384867	0,3648904	0,0253496	0,4834418	0,7394529	0,9764590	0,3253702	0,7887790	0,1746357	1,0248160	0,1642344	0,1893873	0,5539715	0,1457582	1,0361815	0,3989367	0,5662822	0,8454292	0,2017256	0,7195064	0,4089631	0,8129271	0,2505735	0,3032156	0,5901305	0,6192567	0,9594744	0,5541000	0,9423272	0,6795225	0,4015534
780	0,6002821	0,5932750	0,4993499	0,4521316	0,9213820	0,6656940	0,4453776	0,6996749	0,5815753	0,4192469	0,2308779	0,5094346	0,6182744	0,3089290	0,7345058	0,8263600	0,5917189	0,6998191	0,0027427	0,0037775	0,2188749	0,3822508	0,0884176	0,1636728	0,7862373	0,7177366	0,9850133	0,4705329	0,0798864	0,2727612	0,4323162	0,0036211	0,5853743	0,4450972	0,3534225	0,0475065	0,6377597	0,6530683	0,9763677	0,3516041	0,8124508	0,1820253	1,0459234	0,1698860	0,1980009	0,5831530	0,1519937	1,0715613	0,3949343	0,6269109	0,8941060	0,1925158	0,7563518	0,4057322	0,8823641	0,2445807	0,2893807	0,5845602	0,6647001	0,9581154	0,5411311	0,9879566	0,7250257	0,3247334
800	0,5813321	0,6097370	0,4762537	0,4575928	0,8341714	0,6341730	0,5123521	0,6909054	0,5229758	0,4305882	0,2069166	0,5457836	0,6413772	0,2494480	0,7453363	0,7598695	0,5762488	0,7433260	0,0071402	0,0052775	0,2074575	0,3966228	0,0779266	0,1636800	0,8429146	0,7105015	1,0051195	0,4846311	0,0928389	0,3106193	0,3604211	0,0067988	0,5760399	0,4095518	0,3954871	0,0434988	0,6499063	0,7576775	0,9787132	0,2594150	0,7546395	0,1909862	0,9800922	0,2272953	0,1847401	0,5706849	0,1495932	1,0323984	0,4076790	0,6655125	0,9943032	0,2001547	0,7904127	0,3651178	0,8680076	0,2327970	0,2975005	0,5234958	0,6889482	1,0032491	0,5349717	0,8898248	0,7845814	0,3566904
820	0,5537472	0,5881320	0,5292745	0,5207120	0,8191364	0,6314768	0,4894701	0,7308609	0,5240782	0,4271973	0,1912917	0,4992685	0,6461873	0,2286120	0,7767444	0,8222761	0,6074304	0,8156780	0,0046444	0,0047104	0,2255148	0,3662820	0,0730182	0,1432244	0,7887371	0,7839318	0,9445964	0,4859103	0,0823804	0,2803085	0,3948670	0,0059971	0,5802108	0,3930325	0,4171358	0,0321270	0,6193996	0,7258431	1,0145925	0,2840497	0,8022690	0,2006161	0,9544289	0,2099000	0,1812472	0,5577483	0,1624719	1,0169056	0,3852484	0,6811393	0,9373866	0,1839361	0,7737242	0,3130557	0,8712949	0,2247419	0,2684936	0,5283044	0,6814345	0,9001237	0,4848278	0,8514667	0,8050519	0,4463105
840	0,5500532	0,5913537	0,5395444	0,5479877	0,7885571	0,6103003	0,4664354	0,7776931	0,4988596	0,4772389	0,2001368	0,4999536	0,6610169	0,2402933	0,7644055	0,8579395	0,6338441	0,7761047	0,0066613	0,0055038	0,1737255	0,3676979	0,0725643	0,1473697	0,8330801	0,7458891	0,9238113	0,3962025	0,0702700	0,2860878	0,3855263	0,0065212	0,5523420	0,3962870	0,3928409	0,0306533	0,5443551	0,7014885	0,9677709	0,2588937	0,7712255	0,1994744	0,9420550	0,2027106	0,1796368	0,5617654	0,1824095	0,9583011	0,3936978	0,6957080	0,9550072	0,1871469	0,7708961	0,2803779	0,8579917	0,2400691	0,2632159	0,4423959	0,6621810	0,9668531	0,4907072	0,9025893	0,6944117	0,3841159
860	0,5638010	0,5984830	0,4997673	0,4730241	0,7889008	0,5741041	0,5099336	0,7569012	0,4427895	0,4632739	0,1995281	0,5301252	0,6411273	0,2619331	0,7833095	0,8369422	0,6025240	0,7264550	0,0029800	0,0039296	0,1784065	0,3241256	0,0679908	0,1318387	0,8356047	0,7045256	0,9075816	0,3864755	0,0768397	0,2513084	0,3878157	0,0046801	0,6041696	0,4647573	0,4323374	0,0316474	0,5387454	0,6278152	1,0076140	0,2276886	0,7654376	0,2146562	0,9630627	0,2193418	0,2042839	0,5075671	0,1546484	0,9256251	0,3583094	0,6471791	0,8184988	0,1803488	0,6837747	0,2811011	0,9115057	0,2301165	0,2043023	0,4238824	0,6458943	0,9843824	0,4725232	0,9055639	0,7064625	0,3575709
880	0,6080903	0,6062139	0,4876026	0,3983190	0,7974103	0,6408619	0,5188794	0,7934810	0,4020354	0,4536228	0,1884941	0,5296937	0,6126402	0,2767117	0,8121791	0,8484140	0,6034001	0,7678618	0,0041788	0,0013426	0,1719705	0,3462549	0,0514686	0,1434491	0,7781567	0,7295484	0,8785898	0,3472509	0,0778715	0,2251727	0,3843968	0,0024143	0,5819587	0,4466036	0,4652667	0,0251311	0,5500648	0,6074862	1,0138113	0,2407014	0,7698963	0,1937624	0,9092012	0,1783476	0,1893695	0,4886052	0,1504798	0,9159308	0,3756073	0,6225463	0,8425098	0,1933703	0,7470015	0,2851821	0,9467533	0,2398035	0,1994815	0,4636284	0,6872305	0,9490834	0,4669184	0,9439279	0,7682237	0,3818972
900	0,5932552	0,6415856	0,5752664	0,4158224	0,8239898	0,6292699	0,4663343	0,7556022	0,4423691	0,4208375	0,2055796	0,5466534	0,6324721	0,2892806	0,8234853	0,8660753	0,5357824	0,7689269	0,0017451	0,0075540	0,2142936	0,3521789	0,0414460	0,1443584	0,8462101	0,7391504	0,8947530	0,3038596	0,0980306	0,2223634	0,4365813	0,0012464	0,5768686	0,4467746	0,4168534	0,0296520	0,5523975	0,6420835	0,9666878	0,2443018	0,7490081	0,1895416	0,9853701	0,1875013	0,2059823	0,5209292	0,1339895	0,9461773	0,3976212	0,6976970	0,8241809	0,1867444	0,7832444	0,3207641	0,9157011	0,2105118	0,2210479	0,5193095	0,6273298	0,9104436	0,4275585	0,9509683	0,7550933	0,3160090
920	0,5588756	0,6015765	0,4650160	0,4792407	0,7720749	0,6467343	0,4666296	0,6940528	0,4850730	0,4630463	0,2098760	0,5909618	0,6488900	0,3006492	0,7688247	0,7962071	0,6067846	0,8252925	0,0106400	0,0118982	0,2049459	0,3478552	0,0423725	0,1514537	0,8773674	0,7165755	0,9319177	0,3661347	0,0845118	0,2332465	0,4135796	0,0040388	0,5966123	0,4126192	0,3739351	0,0266855	0,5434295	0,7085683	0,9591518	0,2381885	0,6767248	0,1847001	0,9038642	0,1939309	0,2189018	0,4960377	0,1461212	0,9546086	0,3706138	0,6308945	0,8230001	0,2071954	0,7522773	0,3231013	0,9260883	0,2630773	0,2138200	0,5772018	0,5770600	0,8553119	0,4368544	0,9762349	0,7276725	0,4465684
940	0,6024287	0,6267020	0,5191195	0,4810120	0,7611522	0,6386546	0,4717823	0,7023935	0,5379413	0,4661797	0,2256547	0,5847623	0,6631079	0,2840563	0,7509531	0,7988888	0,5912271	0,8618949	0,0127768	0,0108369	0,2385095	0,3280736	0,0465928	0,1338419	0,8342418	0,7343835	0,9465923	0,3814129	0,0757389	0,2438804	0,4670967	0,0041018	0,6214424	0,4361692	0,3690227	0,0255722	0,5356484	0,7256847	0,9847570	0,2709658	0,6843439	0,1655232	0,8624374	0,1641001	0,2529906	0,5341222	0,1533337	0,9771367	0,4078879	0,6453966	0,8277623	0,1990780	0,7783866	0,3101014	0,8813996	0,2393439	0,2071515	0,5526165	0,5427259	0,8916950	0,4748527	0,9280848	0,8107473	0,3921129
960	0,5908969	0,6673763	0,4874149	0,4908561	0,8247898	0,6563000	0,4788307	0,6730987	0,5575845	0,5038144	0,2413776	0,5290804	0,5967974	0,2931408	0,7106217	0,7828533	0,6457282	0,8369447	0,0112421	0,0057122	0,2541420	0,3690291	0,0639502	0,1464428	0,8538200	0,7715498	0,9740900	0,3588955	0,0695820	0,2518603	0,4366535	0,0044627	0,6120711	0,4469242	0,3485500	0,0224663	0,4801047	0,6719742	0,9869419	0,2592378	0,7216136	0,1482804	0,8948238	0,1678482	0,2342609	0,5104157	0,1563724	0,9943494	0,3898290	0,5944914	0,8701023	0,1967709	0,7414133	0,2469878	0,9543834	0,3019371	0,2336112	0,4780351	0,5859734	0,9736589	0,4758672	0,8776739	0,7255541	0,3135563
980	0,6133008	0,6725284	0,4481332	0,4887144	0,8020759	0,6600136	0,4549952	0,6801161	0,5248991	0,5517417	0,2093937	0,5223819	0,6193274	0,2814830	0,7594982	0,8235833	0,6364030	0,7373510	0,0184824	0,0015734	0,2384480	0,4141914	0,0703211	0,1788026	0,8244646	0,7784588	1,0499040	0,4416991	0,0657665	0,2514005	0,4675403	0,0013674	0,5547191	0,4259447	0,4023037	0,0263145	0,4844892	0,6652606	1,0209088	0,2263444	0,7737350	0,1351378	0,8779193	0,1989905	0,2394556	0,5397131	0,1248840	0,9656685	0,3688139	0,5946491	0,8372977	0,1923226	0,7120633	0,2119227	1,0010068	0,2626522	0,2526142	0,4973579	0,5298905	0,9660384	0,5085366	0,8723966	0,7939973	0,3651923
1000	0,5545872	0,6233942	0,4707043	0,4443529	0,8537384	0,6944278	0,5083786	0,6362596	0,4797664	0,5623002	0,1786510	0,5276025	0,6313384	0,2707004	0,6921292	0,8064102	0,6098137	0,7894394	0,0125189	0,0005627	0,2319919	0,3854260	0,0753083	0,1631894	0,7631975	0,7642522	0,9804989	0,4225020	0,0495954	0,2581101	0,4243048	0,0047523	0,6026614	0,3986796	0,3884668	0,0376073	0,4844311	0,6647331	1,0346009	0,2271253	0,7544085	0,1343323	0,9101098	0,2064615	0,2354095	0,5367676	0,1131387	0,9067231	0,3473273	0,6273779	0,8143225	0,1974163	0,7500806	0,2106188	0,9865936	0,2969381	0,2561302	0,4968972	0,5817944	0,9334657	0,4875169	0,8540484	0,7186943	0,3732515
1020	0,5794666	0,6172518	0,4396367	0,4692626	0,8132924	0,5983237	0,4976343	0,6683170	0,4776707	0,5322657	0,1712168	0,5598371	0,6121622	0,2697939	0,7388475	0,7552562	0,5943015	0,8566897	0,0068501	0,0013197	0,2001971	0,3640049	0,0866293	0,1553081	0,7324452	0,7453645	0,9109564	0,3625615	0,0637763	0,2373633	0,3948915	0,0041435	0,5415534	0,3527180	0,3931493	0,0467435	0,5198807	0,6536748	0,9905656	0,2268981	0,7571732	0,1289626	0,9987272	0,2366931	0,2139719	0,6246492	0,0883971	0,9745174	0,3469302	0,6474443	0,8361646	0,2008496	0,7379902	0,2237462	0,9394713	0,2317345	0,2402862	0,4860986	0,6075928	0,9655485	0,4709532	0,8790054	0,7980414	0,3869614
1040	0,5490588	0,6659771	0,4249031	0,4298175	0,8051805	0,6071493	0,4762615	0,6911469	0,4878369	0,4966502	0,1801082	0,5741643	0,6252733	0,2429605	0,7073648	0,7922539	0,6180262	0,8872586	0,0068121	0,0019769	0,1836211	0,3522798	0,0632508	0,1577905	0,7358527	0,6691466	0,8679243	0,3966867	0,0736217	0,2044683	0,3626151	0,0018039	0,5606127	0,4129721	0,3870870	0,0419352	0,4727228	0,6310696	1,0001275	0,2205634	0,7565041	0,1355886	0,9665025	0,2279753	0,2243166	0,5509334	0,0925395	0,9411275	0,3397737	0,5431341	0,8877743	0,2039961	0,7464226	0,1804644	0,8884199	0,2309680	0,2155986	0,4706307	0,6225820	0,9323380	0,4944319	0,8519323	0,7375225	0,3642134
1060	0,5662123	0,6396949	0,4648656	0,4293557	0,8229388	0,6811620	0,4361810	0,7129407	0,4866612	0,4995791	0,1900811	0,6039910	0,5950540	0,2817296	0,8411206	0,7797532	0,6118682	0,8106412	0,0045543	0,0051587	0,1735074	0,3446061	0,0523908	0,1666313	0,7852124	0,6763028	0,8450243	0,3538953	0,0835846	0,1791392	0,3588892	0,0014501	0,5451808	0,4254866	0,3790762	0,0474787	0,5090532	0,6885501	1,0186487	0,1746327	0,7305131	0,1358931	0,9650119	0,1838738	0,2067594	0,5343882	0,0974202	0,9756242	0,3672160	0,5489442	0,8233006	0,1988020	0,8133356	0,1645554	0,9839796	0,2729242	0,2153842	0,4444791	0,6786914	0,9805740	0,4925523	0,8013238	0,7935660	0,4000971
1080	0,5840090	0,6342585	0,5306589	0,4358702	0,8329209	0,6432987	0,4210685	0,6772306	0,4785461	0,4798061	0,1713525	0,6428435	0,5892445	0,2801614	0,8014650	0,7564526	0,5553969	0,7031095	0,0040729	0,0054816	0,1852196	0,3189239	0,0469473	0,1455019	0,7560577	0,7052690	0,8288502	0,3576587	0,1039014	0,2005822	0,3800083	0,0018439	0,5303265	0,4235648	0,3858979	0,0383747	0,5382626	0,6896412	1,0437310	0,1540824	0,6795603	0,1690383	0,9371248	0,1718023	0,1924742	0,5656913	0,1144293	0,9993836	0,3754183	0,5229014	0,8383599	0,2173177	0,7742632	0,1757429	0,9576946	0,2670449	0,2145908	0,5221658	0,6529430	0,9577218	0,5045219	0,8238285	0,8249541	0,3766388
1100	0,6224926	0,6457528	0,5317292	0,4347901	0,9093934	0,5626023	0,4401189	0,7415544	0,5183650	0,4799810	0,2155046	0,6046262	0,6662294	0,2659367	0,7466134	0,8330710	0,5347646	0,7271537	0,0043348	0,0023815	0,1905953	0,3203842	0,0576834	0,1352597	0,7460718	0,7011090	0,8494223	0,3568856	0,0718992	0,1570005	0,4387009	0,0033335	0,5233901	0,3291628	0,3646883	0,0230982	0,5311502	0,6384636	1,0397963	0,1761871	0,7176293	0,1750451	0,9122042	0,2325935	0,1660410	0,6100116	0,1410196	0,9727332	0,3746318	0,5576854	0,8635909	0,1909424	0,7467405	0,1882901	0,9545239	0,2583572	0,2151878	0,4920724	0,6816204	0,9473534	0,4570617	0,8686236	0,7988536	0,4015180

0	0,5395862	0,6767542	0,5439019	0,5091957	0,8312002	0,6706050	0,4418857	0,6624448	0,4522177	0,5596729	0,1998400	0,5221288	0,6180368	0,3324114	0,7490338	0,7839795	0,5346745	0,7404448	0,0157864	0,0017709	0,2085649	0,2835339	0,0761841	0,1848712	0,7618372	0,7731345	0,9429673	0,4210163	0,0798527	0,2546479	0,4328205	0,0005026	0,5941943	0,4544619	0,3352314	0,0451189	0,5561952	0,7068761	1,0445583	0,2919150	0,7761423	0,1838384	0,9700039	0,1743543	0,2309267	0,5267793	0,0972665	1,0675199	0,4866894	0,6314319	0,9584337	0,1883482	0,7688648	0,2619535	0,9995399	0,2473337	0,2486138	0,4922794	0,6156741	0,9693634	0,5191243	0,8604995	0,7977280	0,3812659
20	0,6354489	0,5893506	0,3792946	0,4475858	0,7795786	0,6927177	0,4527883	0,6661854	0,5446418	0,5411416	0,3616090	0,4414808	0,6182926	0,2466954	0,7486040	0,8626998	0,6119397	0,7565981	0,1836091	0,0116072	0,2616137	0,3622951	0,1991312	0,1294374	0,7880446	0,8649979	0,7805340	0,4964997	0,0944671	0,5475735	0,3839407	0,3414607	0,5923987	0,4081396	0,4737531	0,0356940	0,6246242	0,8418444	1,0097307	0,3275742	0,8601461	0,2164535	1,0141739	0,2018461	0,2924439	0,5333526	0,4690494	0,9872745	0,2517990	0,6466765	0,7188641	0,2024670	0,7635751	0,3081368	0,9962826	0,3017092	0,1708214	0,4818380	0,6180969	0,9522265	0,4254973	0,8624245	0,8016521	0,5586887
40	0,6224460	0,5157140	0,3396185	0,4728908	0,8202123	0,7075309	0,5247546	0,6828638	0,5378183	0,6362360	0,4221524	0,3608759	0,5747433	0,2998958	0,7286126	0,8301265	0,5658157	0,7475623	0,3372248	0,0097999	0,2719530	0,3385699	0,3229365	0,1547909	0,8264854	0,8646655	0,5859829	0,5203360	0,0880649	0,6880617	0,3820080	0,6005043	0,5858160	0,4110597	0,5661924	0,0402423	0,6810624	0,9005759	0,9608538	0,3761902	0,9742983	0,2668322	0,9723044	0,1986393	0,3865301	0,5034531	0,6231274	1,0446891	0,1739097	0,6669713	0,5864810	0,1791428	0,8183934	0,4400934	0,8898549	0,2473447	0,1939364	0,4613454	0,6381575	0,9573457	0,4937260	0,9279439	0,7026349	0,7629347
60	0,5841365	0,5509787	0,3663548	0,4857614	0,7723529	0,6881391	0,5453563	0,7547434	0,5210504	0,5988910	0,4498621	0,3616317	0,5452200	0,2968959	0,7554691	0,8422227	0,5607961	0,8460128	0,4357368	0,0077383	0,2683053	0,3524312	0,4223422	0,1489937	0,7961489	0,8352812	0,4840819	0,5442475	0,0971953	0,7506233	0,3752995	0,7642511	0,5446235	0,4391478	0,6181671	0,0563712	0,6649471	0,9300983	0,9949633	0,4014178	1,0389355	0,2695393	0,9660552	0,1987650	0,4675124	0,4714947	0,6598690	1,0972866	0,1262458	0,6992880	0,5560538	0,1604977	0,8441533	0,4578481	0,9161167	0,2707313	0,1991928	0,4932497	0,6967427	0,9681485	0,4804313	0,8609254	0,5831492	0,6789656
80	0,6100820	0,5541462	0,4836758	0,4576243	0,7693182	0,7000650	0,5432842	0,8220454	0,5150918	0,5774599	0,5208058	0,2919454	0,5603064	0,3116726	0,7117130	0,8393945	0,5705049	0,8942684	0,4672660	0,0046306	0,2933071	0,3604733	0,4813950	0,1551521	0,7888609	0,7940367	0,3981975	0,5697438	0,0824015	0,7911948	0,4295009	0,8425692	0,5518865	0,3999955	0,6204615	0,0499528	0,6924759	1,0451621	0,9957827	0,4443482	1,0607960	0,2720757	0,9538696	0,2336995	0,4747941	0,5344542	0,7983033	1,0396681	0,0979202	0,6872602	0,5179320	0,1787108	0,8506906	0,4759972	0,9785781	0,2197602	0,2230209	0,4361360	0,6943389	0,9710307	0,4701678	0,8427753	0,7082688	0,7678936
100	0,6575345	0,5522213	0,5019940	0,4214725	0,7551326	0,5925085	0,4737710	0,9195949	0,5911651	0,5362011	0,5257273	0,2679173	0,5956918	0,2886092	0,7497683	0,8035250	0,6494367	0,9836319	0,5232347	0,0000000	0,3135330	0,3289843	0,4734041	0,1401768	0,7809719	0,8005705	0,4103291	0,6459264	0,0825437	0,7270475	0,4472981	0,8782287	0,5899938	0,4273509	0,6996977	0,0384061	0,6730738	1,0471437	0,9120916	0,4824565	1,0902366	0,2811383	0,9656857	0,2349637	0,5064174	0,6157828	0,7484430	1,0471237	0,0741039	0,7696517	0,4534132	0,2144899	0,8320438	0,5157664	0,9754325	0,2936270	0,2342477	0,4247345	0,6662767	1,0609344	0,5075668	0,9320762	0,6816593	0,8143256
120	0,6973617	0,6145414	0,4801934	0,3872691	0,8103862	0,6735669	0,4444804	0,8407650	0,6367223	0,5320856	0,5202789	0,2855646	0,6247675	0,2831995	0,8035666	0,7339043	0,6355983	0,9428111	0,5334899	0,0001474	0,3322200	0,3514818	0,5319894	0,1495092	0,7713323	0,8294046	0,4026793	0,6260828	0,0738536	0,7828321	0,4600684	0,9291068	0,6177491	0,4784040	0,6742270	0,0348855	0,6538334	0,9900818	0,8418768	0,4410899	1,0081808	0,3105139	1,0157726	0,2179740	0,5163955	0,6014393	0,9315332	1,0658695	0,0568908	0,7694116	0,4658422	0,1812052	0,9066571	0,5544715	0,9084676	0,3005588	0,2490820	0,5314175	0,7354985	1,0652634	0,5153297	0,8995355	0,5981486	0,6917962
140	0,7167868	0,6591946	0,4756848	0,4022730	0,8040319	0,6543075	0,4425496	0,8339746	0,6196382	0,5256982	0,5780417	0,2745952	0,6341142	0,3050812	0,8053477	0,6370443	0,6538639	0,9004695	0,5595693	0,0018415	0,2656003	0,3616664	0,5390336	0,1430993	0,7513143	0,7932085	0,4127707	0,6566184	0,0662375	0,7597841	0,4746696	0,8844002	0,5732300	0,4342570	0,6764856	0,0260003	0,5784299	0,9095211	1,0070512	0,4405350	0,9875330	0,3501077	0,9687276	0,2331478	0,5369232	0,6004485	0,8828587	1,0603594	0,0386978	0,8235309	0,5137388	0,1726074	0,9699640	0,6259473	0,9462438	0,3091939	0,2617773	0,5490347	0,7648861	1,0236682	0,5333533	0,9641363	0,5536179	0,8019886
160	0,7153463	0,6746823	0,4867987	0,4675172	0,7789602	0,6448125	0,3928646	0,8509299	0,5678869	0,5056912	0,6487163	0,3073515	0,6345122	0,2735619	0,7189495	0,7134171	0,5946972	0,9535184	0,5817480	0,0017100	0,3035640	0,4178549	0,5341423	0,1514022	0,7025870	0,7922706	0,3507812	0,6790480	0,0892250	0,7911283	0,4902081	0,9188076	0,5728807	0,4305301	0,7021414	0,0444458	0,6808934	0,9063518	1,0333507	0,4823689	1,0202351	0,3113071	0,9458931	0,2433603	0,5202101	0,6005707	0,8308046	1,0031098	0,0351451	0,8339048	0,4912473	0,1824627	0,9100485	0,5811111	0,9751621	0,3332239	0,2872957	0,6369805	0,6840266	1,0429643	0,5212354	0,9257109	0,5081711	0,7952096
180	0,7517125	0,6568731	0,4372775	0,5074858	0,8131139	0,7179167	0,4034674	0,8593216	0,5614884	0,5318728	0,6290091	0,2600428	0,6298034	0,2851297	0,6835083	0,7671150	0,5909643	0,8882688	0,5551019	0,0011945	0,3252891	0,3924047	0,4911419	0,1488609	0,7175474	0,8163737	0,3390875	0,7470011	0,0848488	0,7838904	0,4617355	0,8665030	0,6326805	0,4233466	0,6838245	0,0473256	0,6509987	0,9529981	1,0721859	0,5313834	1,0109145	0,3788991	0,9504471	0,3016861	0,5868743	0,6152469	0,8819988	0,9590230	0,0322987	0,8159974	0,4544569	0,1858671	0,9107985	0,6329258	0,9554295	0,3147619	0,2800871	0,6597615	0,6734354	1,0633956	0,5434013	0,9188484	0,5095268	0,8599085
200	0,7136338	0,6785181	0,4758453	0,5212791	0,8765946	0,6282076	0,4576331	0,8509296	0,5950420	0,5499806	0,6223189	0,2884765	0,6200732	0,3134420	0,6778823	0,7736202	0,5966384	0,8746844	0,5003454	0,0021976	0,3235344	0,3717838	0,5266293	0,1411825	0,7040116	0,7706567	0,3762731	0,7305032	0,0939458	0,7642547	0,4626739	0,9529134	0,6715266	0,4280844	0,6788188	0,0476781	0,6766859	0,9562878	1,0346867	0,5243370	0,9997762	0,3912414	0,9169027	0,3304972	0,5897604	0,5793197	0,8768595	0,9935756	0,0104587	0,9010089	0,4657984	0,1648650	0,9932469	0,6965251	0,9610297	0,2993225	0,2994400	0,6866592	0,6031035	1,0127980	0,5442549	0,8894941	0,5301303	0,8519670
220	0,5963165	0,6450430	0,4230531	0,5830681	0,8440853	0,5693387	0,4564030	0,8162778	0,5977457	0,5478524	0,6578075	0,3163457	0,5937312	0,3060669	0,6672700	0,7739580	0,6418759	0,9326134	0,4953355	0,0058048	0,3240596	0,3855610	0,5883061	0,1363051	0,7660709	0,7924347	0,3457885	0,7690774	0,0583639	0,6986678	0,4117893	0,9452587	0,6281955	0,4191404	0,7033187	0,0702365	0,7379937	1,0245133	1,0400840	0,4622336	0,9693454	0,4408623	0,9634358	0,3790279	0,5966573	0,6255518	0,8596692	1,0302226	0,0163240	0,8766582	0,4257366	0,1513577	0,9216379	0,7501977	0,9911163	0,2747748	0,3185497	0,6315260	0,6403132	0,9781984	0,5480820	0,9041953	0,5698660	0,8777580
240	0,5967671	0,6471195	0,3959729	0,6059701	0,8616000	0,5888308	0,5024993	0,8241807	0,5568335	0,6198770	0,5720451	0,3129120	0,6289060	0,2964150	0,6449504	0,7006788	0,6003667	0,9435306	0,4696040	0,0052667	0,3502071	0,3688338	0,6185085	0,1425505	0,7149321	0,7942943	0,3697023	0,7821871	0,0795784	0,6597096	0,4150806	0,9703312	0,5967516	0,3866797	0,6460467	0,0662019	0,6916323	0,9929157	1,0946506	0,5207348	0,9752607	0,4321428	1,0352731	0,3606182	0,5926426	0,6247452	0,8924011	1,0017016	0,0154295	0,8921078	0,3886908	0,1719663	0,9756014	0,7230654	1,0085534	0,2794934	0,3375103	0,6512071	0,6040446	0,9866365	0,4998817	0,8545443	0,6420566	0,9021559
260	0,5545561	0,6237415	0,3941484	0,5831105	0,8273633	0,5912124	0,4700141	0,7849868	0,4559401	0,6330462	0,5619860	0,3325507	0,6065682	0,2869657	0,7267145	0,7761904	0,6514001	0,8931654	0,4902363	0,0042534	0,3310451	0,3657778	0,5635949	0,1457301	0,7035045	0,7903156	0,3804023	0,7617068	0,0682550	0,7710026	0,4079716	0,9205653	0,5683170	0,3948274	0,6533089	0,0773924	0,7776064	0,9604167	1,0266455	0,5200668	1,0616326	0,4228958	1,0581903	0,3449895	0,5770038	0,6044714	0,8589249	0,9565711	0,0167696	0,8912420	0,4139577	0,1853292	0,9562421	0,7437256	0,9430426	0,3307526	0,3192693	0,6189526	0,6528253	0,9606081	0,4941040	0,8942650	0,5907395	0,9098678
280	0,5739450	0,5911448	0,4174779	0,5901742	0,8177379	0,5691825	0,4969830	0,8379035	0,4823908	0,6655892	0,5517374	0,3397111	0,6111516	0,3100066	0,7400306	0,7544804	0,6733662	0,9943215	0,5339935	0,0028201	0,3404982	0,3452234	0,5779438	0,1278878	0,7169453	0,7706289	0,3410539	0,7356369	0,0931418	0,7767698	0,4078631	0,8917879	0,5948467	0,4013124	0,6439515	0,0660388	0,7617142	0,9656598	0,9939393	0,4763489	1,0402348	0,4254758	1,0390180	0,3959093	0,5770555	0,5972992	0,9192919	1,0590124	0,0115197	0,9361907	0,3845480	0,2029360	0,9054841	0,6672348	0,9732784	0,2904921	0,3127079	0,5465720	0,5933359	0,9244278	0,5388049	0,9476243	0,6548972	0,8199511
300	0,6026367	0,6110301	0,3190946	0,5627335	0,8184214	0,5926232	0,4900857	0,7849276	0,5307854	0,6160444	0,5473322	0,3414748	0,5889162	0,2974947	0,7067628	0,7405690	0,6168759	1,0115160	0,5158614	0,0047823	0,4002345	0,3382784	0,6035255	0,1483787	0,7079350	0,8247618	0,3742623	0,7545888	0,0821868	0,7673267	0,4351803	0,9244539	0,5885681	0,3996091	0,6548654	0,0784556	0,7578319	0,9193107	0,8945358	0,5270607	0,8924286	0,4107012	1,0522125	0,3444354	0,5902604	0,5888370	0,9434389	1,0141240	0,0108516	0,9486605	0,4147246	0,2062899	0,9198780	0,7118492	0,9972304	0,3160687	0,3047153	0,5776325	0,6431739	0,9390277	0,6306567	0,9457285	0,6914462	0,8444130
320	0,5900914	0,6492081	0,3241065	0,5253492	0,8525442	0,5970416	0,5263333	0,8482726	0,5417436	0,6865700	0,5749720	0,2970896	0,6003060	0,3115246	0,6978558	0,7598229	0,6019255	0,9559029	0,4942912	0,0025338	0,4363985	0,3319070	0,6120992	0,1583354	0,7303140	0,8041905	0,3907966	0,7248448	0,0695400	0,6688558	0,4572733	0,8580769	0,5838714	0,4174408	0,6174433	0,0702434	0,7370517	1,0148638	0,8826613	0,5015372	0,8974048	0,4048834	1,0852247	0,3097817	0,5873437	0,6217232	0,9960971	1,0242340	0,0163327	0,9331677	0,4116677	0,1828503	0,8918281	0,6790768	0,9477677	0,2888581	0,3048698	0,6193539	0,6725387	0,9374867	0,6514704	0,9262197	0,7834621	0,7803924
340	0,6334404	0,6239061	0,3990938	0,5108428	0,8352971	0,6256515	0,5039223	0,7911764	0,5391215	0,6118400	0,6099049	0,3053688	0,5768309	0,2667553	0,7649447	0,7287372	0,5890206	1,0762184	0,5081228	0,0098280	0,4080031	0,3289648	0,5241310	0,1371970	0,7255482	0,7943384	0,3791980	0,6502207	0,0780079	0,7703078	0,4594420	0,9216214	0,5233125	0,3716959	0,6180711	0,0799961	0,7325947	1,0698108	0,9530607	0,4970974	0,9484951	0,3709789	1,1278816	0,3398884	0,5985040	0,5945392	0,9781287	0,9849004	0,0245446	0,8649301	0,4248167	0,1907829	0,9571257	0,6894282	0,9043857	0,3356894	0,2694158	0,5709784	0,7017486	0,9911899	0,6518059	0,8875778	0,6606309	0,8743038
360	0,6279984	0,6274621	0,4304939	0,5345739	0,8705868	0,6492778	0,4419735	0,8367032	0,5759949	0,6131064	0,5271375	0,2981959	0,5847086	0,2914195	0,7389939	0,7945286	0,6006753	0,9948079	0,4878467	0,0112910	0,4412495	0,3562582	0,5350131	0,1502680	0,7413962	0,8228957	0,3935966	0,6220932	0,0834658	0,7367863	0,4569610	0,9138919	0,5499435	0,3327598	0,7140745	0,0840904	0,7541780	1,0491504	0,9791617	0,5258635	0,9278584	0,4897975	1,0420383	0,3531760	0,6506903	0,6282519	0,9471877	0,9395647	0,0254045	0,8336251	0,4334805	0,1616246	0,9873475	0,6651461	0,8399363	0,3969407	0,2816387	0,5348278	0,7351372	0,9943535	0,6538250	0,8831067	0,6976142	0,8808399
380	0,5776413	0,6081157	0,3747343	0,5303031	0,8496505	0,6748973	0,4572652	0,8818471	0,5516936	0,5532592	0,5241185	0,3315922	0,5761706	0,3075365	0,7998154	0,7525010	0,6165395	0,9671381	0,5472080	0,0075746	0,4671808	0,3459262	0,6068767	0,1674125	0,7218644	0,8248035	0,3896651	0,6999325	0,0828700	0,7338422	0,4272729	0,8172326	0,5612761	0,3884568	0,6677100	0,0681461	0,8010488	1,0168739	0,9692514	0,5196855	0,9622505	0,5024782	0,8933455	0,3182292	0,6300557	0,6825290	0,8936245	0,9689550	0,0229351	0,8309483	0,4581869	0,1705225	0,8926299	0,6639580	0,8763467	0,3984373	0,2597041	0,5511787	0,6673686	1,0057807	0,6604763	0,8490878	0,6880413	0,9481693
400	0,6040466	0,6210148	0,3861343	0,4753396	0,7900217	0,7011730	0,4665386	0,8373497	0,5786919	0,5813779	0,5847444	0,4014102	0,5333185	0,2596060	0,7800562	0,7367646	0,6572436	0,9350367	0,5268929	0,0050480	0,4524039	0,3474822	0,5860901	0,1690861	0,7265950	0,8589300	0,3561230	0,7018845	0,0549221	0,6763262	0,4228753	0,9246369	0,5297652	0,4090951	0,7636941	0,0537873	0,7796484	0,9496296	0,9731324	0,5204532	0,9419207	0,4732037	1,0145472	0,3139342	0,6297735	0,6549953	0,8691026	0,9241399	0,0176422	0,8486717	0,4435800	0,1325057	0,9470499	0,6714410	0,9094948	0,4243731	0,2740117	0,5104896	0,6663397	0,9894757	0,6964101	0,8242927	0,5851621	0,9686353
420	0,6273964	0,6194973	0,4143092	0,5470423	0,8042621	0,6217297	0,4579185	0,7950985	0,5790910	0,5253075	0,5715997	0,3540199	0,5645032	0,2401885	0,7614835	0,7859283	0,6441236	0,9133198	0,5216924	0,0025377	0,4474697	0,3549676	0,5950477	0,1649043	0,6920562	0,8665032	0,3327963	0,7206607	0,0517971	0,7333408	0,4167333	0,9305709	0,5339492	0,4273872	0,7377550	0,0488690	0,7907411	1,0108302	0,9235476	0,5102401	1,0055744	0,4526499	0,9390244	0,3425200	0,6213222	0,6484838	0,9306893	0,8947051	0,0212446	0,8670056	0,4141423	0,1374556	0,9623686	0,6808613	0,9388910	0,3783451	0,2457450	0,5847488	0,6918782	0,9536886	0,7197778	0,8771776	0,6359776	0,8653492
440	0,5780257	0,6612940	0,4126874	0,5576528	0,7528769	0,6979418	0,4903324	0,7930108	0,6209406	0,5059006	0,5539234	0,3513580	0,5987664	0,2742208	0,7758755	0,8160409	0,6028132	0,9647537	0,4740126	0,0030353	0,4075711	0,3676321	0,6157197	0,1584541	0,7156534	0,8443964	0,3546919	0,7431553	0,0618420	0,7245222	0,4320687	0,9836102	0,6084459	0,4491764	0,7939970	0,0678107	0,7850219	0,9808347	0,9671758	0,5269328	0,9786119	0,4404218	0,9911844	0,3013408	0,6247861	0,6865779	0,8832466	0,9354445	0,0124072	0,9090055	0,4459086	0,1482301	0,9416452	0,6572627	0,9410312	0,4103016	0,3160463	0,5596174	0,7334219	0,9199609	0,6917294	0,9090870	0,6859525	0,8758274
460	0,6783270	0,6709025	0,4319030	0,4962885	0,7894385	0,7221203	0,5066061	0,8439901	0,5587696	0,5386867	0,5622773	0,3557189	0,5230773	0,2858043	0,7416441	0,8137326	0,5607266	0,9364470	0,4506610	0,0016383	0,3917042	0,3323325	0,6626759	0,1384048	0,7254518	0,8714240	0,3392129	0,6819511	0,0840847	0,8304693	0,4678083	0,9924260	0,6192562	0,4077530	0,7385463	0,0768369	0,7813971	1,0155825	1,0107536	0,5377462	1,0050043	0,4587224	1,0197058	0,2438587	0,6040390	0,7049768	0,9378546	0,9697332	0,0032089	0,9678991	0,4838902	0,1885997	0,8831426	0,6934215	0,9957372	0,4022123	0,2951816	0,6355944	0,7271331	0,9285250	0,6714860	0,8758405	0,7455559	0,8774760
480	0,5889680	0,6474975	0,3861198	0,5766061	0,7811151	0,7135941	0,5135550	0,7739363	0,5157098	0,5797084	0,5705866	0,3240592	0,5521893	0,2439612	0,6812489	0,8101842	0,5610098	0,9126257	0,4804364	0,0009975	0,3980886	0,2951191	0,6486181	0,1913949	0,6988356	0,8776097	0,3446905	0,7562092	0,0879250	0,8066688	0,4332937	1,0181678	0,5592520	0,4091749	0,6973499	0,0772567	0,7880904	1,0091308	0,9538487	0,5277294	1,0333322	0,4704991	0,9886063	0,2617845	0,6260293	0,6831269	0,9255873	0,9527571	0,0020785	0,9582549	0,4959874	0,1749828	0,9162167	0,6830729	0,9990292	0,3771972	0,2838673	0,5815460	0,6949922	0,8566544	0,7164738	0,9167322	0,7235745	0,7925120
500	0,6760551	0,6092177	0,3803500	0,5798259	0,7961500	0,6554772	0,5062486	0,7978668	0,4848977	0,6739307	0,5364633	0,3036715	0,5867724	0,2550524	0,6603827	0,8118923	0,5523908	0,9615569	0,5102615	0,0000994	0,3993342	0,2927802	0,5936344	0,1905207	0,7214610	0,8380035	0,3577403	0,7537891	0,0750817	0,8382598	0,3521687	0,9851227	0,5784883	0,3315577	0,6893361	0,0845281	0,7611620	1,0589503	0,9708180	0,5394078	0,9691769	0,4625410	1,0167377	0,3032689	0,5927776	0,6570251	0,9180635	0,9645948	0,0072245	0,9084622	0,4615168	0,1818345	0,9117960	0,6642638	0,9935327	0,3301908	0,2755657	0,6148633	0,7156219	0,8275309	0,6923449	0,9269902	0,6236947	0,7858665
520	0,6064850	0,6106636	0,3685867	0,6038996	0,7797555	0,6713447	0,4668529	0,8132288	0,4914110	0,7332816	0,5594124	0,3372772	0,5952675	0,2864821	0,6940934	0,8586294	0,6183113	1,0023300	0,5283783	0,0027653	0,4103702	0,2748634	0,5586229	0,1856793	0,7328015	0,8427653	0,3910658	0,7280307	0,0539321	0,8245669	0,3293334	0,9839297	0,6277567	0,3405573	0,7413522	0,0861008	0,8210480	1,0449303	0,9287801	0,5182734	0,9554658	0,4104706	0,9492602	0,3010111	0,5677318	0,6534363	0,7568397	1,0304133	0,0151418	0,8747872	0,3760350	0,1743302	0,9685703	0,5940795	0,9435835	0,3529106	0,3007572	0,5197881	0,6793521	0,9010109	0,6940865	0,9001314	0,6527281	0,8464087
540	0,5611426	0,6278718	0,3845468	0,5562548	0,8644426	0,6818514	0,5261606	0,8202433	0,5464478	0,7120490	0,5950297	0,3471081	0,6132390	0,3061986	0,7644782	0,8192477	0,5838768	0,9842486	0,5055227	0,0019881	0,3721700	0,2650146	0,5550593	0,1534767	0,6933340	0,8457479	0,3386854	0,7347811	0,0484484	0,7836465	0,3646126	0,9748708	0,5811623	0,3516002	0,6696437	0,0923661	0,8054731	1,0730063	0,9662311	0,5245229	0,9711764	0,3899906	0,9177957	0,3050963	0,5622827	0,6198743	0,8289966	0,9881177	0,0183922	0,8256236	0,4143256	0,1886553	0,9316583	0,5794306	0,9179993	0,3700547	0,2278635	0,5658592	0,7256761	0,8911197	0,6879589	0,9194406	0,6882698	0,8985594
560	0,5782937	0,5898607	0,4166942	0,5487329	0,8786214	0,6433392	0,4814126	0,8369880	0,5405824	0,6551440	0,5456982	0,3313838	0,6349235	0,3358880	0,6932794	0,8300395	0,6040653	0,9468608	0,5059056	0,0037819	0,4042119	0,2782385	0,5694452	0,1410028	0,6797643	0,8312746	0,3411362	0,7441997	0,0724260	0,7359750	0,3682031	0,9568922	0,6037236	0,3163444	0,6950329	0,0971618	0,8149354	1,0378891	0,9958653	0,4919253	1,0106999	0,4650639	0,8940467	0,2927144	0,5919870	0,6125861	0,8029014	0,9536289	0,0140905	0,8561823	0,4609279	0,1774146	0,9720921	0,6508338	0,8656364	0,3559696	0,2533681	0,5121083	0,7115774	0,9022579	0,6784110	0,9161032	0,6920053	0,8851902
580	0,6141667	0,6078931	0,5115582	0,4638055	0,7527194	0,6062654	0,5396847	0,7925239	0,5483199	0,5941376	0,4013540	0,4588878	0,6642815	0,3203791	0,7864315	0,7772676	0,6007427	0,9471118	0,3013517	0,0048244	0,3844413	0,2834040	0,4350409	0,1379780	0,7339515	0,8326140	0,5233168	0,7653626	0,0768533	0,5903606	0,3579316	0,6113068	0,6001459	0,3395018	0,5954663	0,0924448	0,7267437	0,9474875	0,9669797	0,4844595	0,8897337	0,4638219	0,8847195	0,3337047	0,4629112	0,6096147	0,7035212	0,9564675	0,1144465	0,8547628	0,5662805	0,1934557	0,8318021	0,5394113	0,9216215	0,3221832	0,2484300	0,4870310	0,7082037	0,9276260	0,6396739	0,9619734	0,7564523	0,7006163
600	0,6048576	0,6132567	0,5880869	0,4661079	0,7736455	0,6359947	0,4845544	0,7735686	0,5046634	0,5203008	0,3333253	0,5678153	0,6631960	0,3326839	0,7899736	0,7441709	0,5763028	0,9771174	0,1774180	0,0039271	0,3790350	0,3209751	0,3320629	0,1623333	0,7522229	0,8352087	0,6736034	0,7040936	0,0732799	0,4286768	0,4505706	0,4108718	0,5677413	0,3830264	0,4596973	0,0715801	0,6809505	0,8755271	0,9518782	0,5340135	0,7681155	0,4415624	0,9332949	0,2979090	0,4048936	0,5873136	0,4891522	0,9643402	0,2143318	0,8477248	0,6978508	0,2200075	0,7499021	0,5141161	0,9599801	0,2909904	0,2514353	0,5654512	0,6693101	0,9894374	0,6342895	0,8994802	0,7172441	0,6416710
620	0,6423848	0,6393628	0,5662551	0,4215768	0,8127359	0,5885726	0,4663777	0,7259771	0,4795576	0,4609038	0,2845868	0,6209065	0,6455276	0,2769221	0,7305528	0,7355985	0,4905955	0,9808422	0,1030835	0,0010258	0,3643557	0,3497815	0,2682543	0,1667726	0,7377798	0,7704551	0,8154031	0,6669749	0,0671530	0,3873669	0,4711866	0,2691065	0,6164932	0,3986450	0,4321944	0,0737981	0,7220421	0,8228980	1,0042704	0,4740386	0,7658737	0,4303409	0,9959379	0,3011480	0,3425138	0,5982672	0,4293274	0,8878157	0,2296205	0,8142303	0,7611777	0,2272165	0,7924852	0,4228102	0,9031351	0,2847430	0,2346236	0,5331843	0,6889379	1,0370911	0,6504900	0,9163755	0,6607432	0,6058342
640	0,6183370	0,6319330	0,4711504	0,4636457	0,7769165	0,5987229	0,4404548	0,6760800	0,5596053	0,4758248	0,2263871	0,6188791	0,6584004	0,2605917	0,7634930	0,7660941	0,5475081	0,9229458	0,0690878	0,0038842	0,3267247	0,3697828	0,1970366	0,1456750	0,7223851	0,7975197	0,8697143	0,6765944	0,0808979	0,3049534	0,5056109	0,1508769	0,5874524	0,4060037	0,3645969	0,0676494	0,6823949	0,7849714	0,9224440	0,4389486	0,7521931	0,3959586	0,9851721	0,3036628	0,3310198	0,6391189	0,3401524	1,0427621	0,2653550	0,7696566	0,8368656	0,2200696	0,7121854	0,3675000	0,9527816	0,3108738	0,2576216	0,5735019	0,6650441	0,9235471	0,6511148	0,9174255	0,5515838	0,4856957
660	0,6000046	0,5675430	0,4689014	0,4817688	0,8209738	0,6319713	0,4231833	0,7305933	0,5960748	0,4874714	0,1993924	0,5719125	0,6448279	0,2727274	0,8325924	0,7562816	0,5814518	0,9035897	0,0397236	0,0026816	0,3116911	0,3871609	0,1758528	0,1506691	0,7137101	0,7492459	0,9005497	0,5981115	0,0720592	0,2925357	0,4640308	0,1039622	0,6049366	0,4149399	0,3804704	0,0726380	0,6333504	0,7820864	0,9518513	0,4156127	0,7672737	0,3157880	0,9869639	0,2668344	0,3164179	0,6106765	0,2506537	0,9968011	0,2578780	0,7406796	0,7990656	0,2041011	0,6695990	0,3084703	0,8743289	0,3532726	0,2551916	0,5259592	0,6563175	0,9716705	0,6148587	0,9333633	0,5505480	0,4443155
680	0,5880066	0,5450788	0,4935499	0,5064282	0,7576704	0,5721310	0,4077486	0,7065666	0,5644585	0,5039979	0,1776264	0,5519924	0,5813018	0,2580836	0,7736543	0,7839014	0,5799765	0,9505098	0,0406156	0,0039160	0,2774048	0,3756303	0,1493010	0,1504574	0,7400130	0,7762743	0,9001563	0,5442585	0,0784506	0,2896622	0,4094528	0,0772308	0,6213398	0,4012568	0,4231641	0,0656633	0,6262082	0,7453324	0,9031705	0,4173032	0,7304940	0,2923261	1,0090086	0,2840884	0,3076986	0,6219646	0,1959023	0,9951947	0,2946189	0,7850811	0,8142023	0,1980336	0,7258632	0,3353112	0,8433448	0,3255083	0,2626633	0,5793031	0,6691790	0,9940670	0,6519607	1,0455196	0,7291628	0,4855226
700	0,5967277	0,5923442	0,5344876	0,4340200	0,7429246	0,6281901	0,4434112	0,7056485	0,5669168	0,4405154	0,2109741	0,6115447	0,5834918	0,2533713	0,7506645	0,7318237	0,5948845	0,8153187	0,0243995	0,0041494	0,2529882	0,4075935	0,1251087	0,1381834	0,7473077	0,8389569	0,8222713	0,5288032	0,0758202	0,3095633	0,4625007	0,0501012	0,5885788	0,3861842	0,3493888	0,0572507	0,5416130	0,7434346	1,0038428	0,4138461	0,7614691	0,2900359	0,9529178	0,2489128	0,2595704	0,6351497	0,1784182	0,9410253	0,3094310	0,7664504	0,8706201	0,1753178	0,6971294	0,3631631	0,9389276	0,3377740	0,2516493	0,5755636	0,6367889	1,0193285	0,6355524	1,0266577	0,6879376	0,3959603
720	0,6135847	0,6393442	0,5510990	0,4828933	0,7670482	0,6087770	0,4942521	0,6919152	0,5508123	0,4974245	0,2359983	0,5883174	0,5910977	0,2937726	0,6841699	0,7141502	0,6673037	0,7815239	0,0171682	0,0019252	0,2654288	0,3587561	0,0976384	0,1106198	0,7449576	0,8544816	0,8987551	0,4855059	0,0767648	0,2868175	0,4321193	0,0242501	0,5947080	0,3760343	0,3127979	0,0536598	0,5591812	0,6914774	1,0739822	0,3914568	0,7990691	0,2226564	0,9424731	0,2291424	0,2467127	0,6280172	0,1407342	0,9682591	0,3260373	0,7426522	0,8143073	0,2010781	0,7166466	0,3748113	0,9366148	0,3232129	0,2856758	0,5546293	0,6473852	1,0112334	0,5846452	0,9479458	0,6708374	0,3716050
740	0,5362435	0,6675072	0,4823296	0,4686861	0,7839871	0,6351998	0,4577178	0,7230825	0,4999540	0,4977739	0,2317257	0,4916788	0,6421882	0,2781776	0,7959305	0,8051362	0,6413749	0,7750957	0,0148143	0,0015671	0,2854799	0,4342340	0,0863655	0,0963627	0,6885887	0,8202563	0,8672718	0,4912197	0,0971531	0,3262520	0,4099900	0,0207937	0,5797934	0,3655169	0,3177344	0,0436295	0,5569548	0,7236186	1,0771698	0,3720942	0,7479434	0,2343191	0,9883295	0,2266270	0,2074644	0,6227947	0,1394128	1,0402661	0,3246644	0,7237287	0,8229512	0,1825655	0,7449813	0,3336094	0,9412492	0,2954229	0,2613736	0,5358482	0,5736160	1,0043303	0,5266576	0,9888812	0,7086555	0,3159660
760	0,5392668	0,6341326	0,4693924	0,4443651	0,8298728	0,6496480	0,4845376	0,6757546	0,4509079	0,5209523	0,2334785	0,4446639	0,6428888	0,3107130	0,8029765	0,8163855	0,5973112	0,8047324	0,0097540	0,0062986	0,2835197	0,4278590	0,0893405	0,1153815	0,6563346	0,7979641	0,8692108	0,5201162	0,0767315	0,3468727	0,4045997	0,0122343	0,5912025	0,3535386	0,3323332	0,0352247	0,5342537	0,7837126	1,0994084	0,3896817	0,8025261	0,2154075	0,9711829	0,2070684	0,1880002	0,5626578	0,1552121	1,0468600	0,3333414	0,6614155	0,8235191	0,1880571	0,7478631	0,3207788	0,9921883	0,2812291	0,2690197	0,5108921	0,5773548	1,0606823	0,5443033	0,9459167	0,7469641	0,3770629
780	0,5652076	0,6298146	0,5121574	0,5069508	0,7859768	0,6461203	0,4810870	0,6893881	0,5100180	0,5178037	0,1921979	0,5003695	0,6942432	0,3088242	0,7957072	0,8534326	0,5245813	0,7870380	0,0070019	0,0017148	0,2911970	0,4337072	0,0847208	0,1223907	0,7218482	0,7967979	0,9209714	0,5546458	0,0853398	0,3164117	0,4326754	0,0180579	0,5582065	0,3535169	0,3212004	0,0430565	0,5290296	0,8431426	1,0060960	0,3215544	0,7666766	0,2251324	0,9341477	0,2528138	0,2098567	0,5339986	0,1866508	0,9931222	0,3685052	0,6813606	0,8988749	0,1794499	0,7610667	0,2981231	0,9272673	0,2822318	0,2618317	0,5484559	0,6277242	1,0019204	0,5478513	0,9141426	0,7108837	0,3397455
800	0,5878315	0,5877503	0,4813210	0,4598278	0,7843804	0,6050770	0,4699614	0,7008655	0,4999032	0,5473257	0,1785313	0,5554564	0,6647473	0,3044072	0,7932612	0,8625635	0,5079913	0,8692865	0,0089350	0,0000000	0,2766179	0,4189079	0,0711408	0,1116494	0,7703413	0,7690839	0,8671093	0,4989340	0,0975101	0,3488652	0,4160762	0,0074834	0,5742919	0,3750357	0,3335492	0,0471546	0,5205276	0,7939617	1,0520320	0,2931628	0,8189077	0,2167838	0,9177456	0,2102997	0,2347016	0,4963667	0,1869924	0,9705781	0,3517117	0,6584293	0,8351937	0,1780207	0,6907914	0,2749374	0,9015582	0,3187297	0,2362574	0,5424734	0,6550455	0,9607822	0,5538089	0,8983816	0,7739739	0,3629854
820	0,6391474	0,6254381	0,5522661	0,4755674	0,7972704	0,6329965	0,5004755	0,7648682	0,4882164	0,5397409	0,1573452	0,5624306	0,6108746	0,2782474	0,7541338	0,8661123	0,5401942	0,8458738	0,0198024	0,0025361	0,2646480	0,3956557	0,0707223	0,1424196	0,7789642	0,8065365	0,9244469	0,4627483	0,0819201	0,3044175	0,4292637	0,0052977	0,5847624	0,4069802	0,3433452	0,0468634	0,5751206	0,7663814	0,9996651	0,3275067	0,7381175	0,2118536	0,9505245	0,2125707	0,2451877	0,5056923	0,1536087	0,9522653	0,3446764	0,5861063	0,8844384	0,1791980	0,6923276	0,2899064	0,9924694	0,2994909	0,2570653	0,5322176	0,6040512	0,9613917	0,5654717	0,9044225	0,7989713	0,3468404
840	0,6300169	0,6200698	0,6005346	0,4902539	0,8027204	0,6412628	0,4669594	0,8066106	0,4771121	0,5309018	0,1898228	0,5506765	0,6684406	0,2847480	0,7004032	0,8131557	0,5687406	0,8166220	0,0207335	0,0032070	0,2341599	0,3824312	0,0770773	0,1390142	0,8139228	0,7938365	0,9618538	0,4282329	0,0756716	0,2631714	0,4147612	0,0033836	0,6060771	0,4379610	0,3509257	0,0509291	0,5752143	0,7161828	1,0246723	0,2842791	0,6920810	0,1673350	0,9807057	0,1881447	0,2340570	0,5644796	0,1183131	1,0131103	0,3450829	0,6118208	0,8257214	0,1773504	0,7211345	0,3143620	0,9319052	0,2536394	0,2408158	0,5764514	0,6102881	0,9147188	0,5658855	0,9508692	0,7710406	0,3943132
860	0,6282612	0,5909333	0,5442936	0,3966454	0,7567880	0,6504875	0,4513372	0,7714497	0,4989096	0,4750134	0,1962175	0,5518824	0,6195156	0,2813447	0,7007615	0,7652046	0,5268401	0,8015850	0,0153333	0,0034728	0,1823184	0,3758342	0,0674603	0,1655353	0,7575061	0,8143657	0,9631283	0,4361572	0,1017689	0,2929588	0,4688171	0,0061245	0,6443550	0,4360878	0,3426953	0,0405438	0,5841303	0,6712836	1,0371807	0,3028544	0,7093336	0,1743358	0,9554497	0,1756663	0,2073192	0,5646806	0,1051409	1,0303665	0,3535897	0,5578834	0,8253078	0,1806880	0,7380882	0,2866965	0,9599922	0,2747707	0,2167364	0,5911648	0,6302666	0,9826113	0,5749825	0,9528076	0,7864503	0,3749473
880	0,6068777	0,6304848	0,5861251	0,3180838	0,8163869	0,6247092	0,4591208	0,7174753	0,4926627	0,4179103	0,2136609	0,4964122	0,5970217	0,2462092	0,6824807	0,8206994	0,5640319	0,7800698	0,0154136	0,0026259	0,2043557	0,3619050	0,0536330	0,1733804	0,7927907	0,7868007	0,9370755	0,4197426	0,0946423	0,3032994	0,4475847	0,0041955	0,6565556	0,4520011	0,3717879	0,0516661	0,5442216	0,6534580	1,0045048	0,3113942	0,6948128	0,1878578	0,8695418	0,1893156	0,2034051	0,5941835	0,0884857	1,0177413	0,3944188	0,5517841	0,8405166	0,1851670	0,7715462	0,3280422	0,9083192	0,2867388	0,2645588	0,6032550	0,6741422	0,9981195	0,5799338	0,9301901	0,8089946	0,4077906
900	0,6582614	0,6841458	0,5492263	0,3147662	0,8388831	0,6248486	0,4493021	0,7660374	0,4916376	0,3564489	0,2170824	0,5007543	0,6207311	0,2725618	0,6845922	0,8057690	0,5948891	0,7916101	0,0119990	0,0024942	0,1883376	0,3821541	0,0649456	0,1556034	0,7775390	0,7615958	0,9079677	0,4093981	0,0732952	0,2865864	0,4323827	0,0068564	0,6190678	0,4256203	0,3514281	0,0476557	0,5504510	0,6410227	0,9749843	0,2812162	0,6643195	0,1674587	0,9179665	0,1720421	0,2153395	0,5732983	0,0881101	0,9723208	0,4121209	0,5474957	0,9444946	0,1758163	0,6866107	0,3349243	0,9464189	0,3049698	0,2751385	0,5471851	0,6632620	1,0563047	0,5390950	0,8950391	0,7560453	0,3906018
920	0,6863447	0,5934011	0,5930537	0,3636235	0,8407839	0,6411657	0,4777267	0,7402358	0,4902931	0,3012962	0,2100552	0,5233624	0,5755222	0,2545231	0,6794625	0,8545190	0,5949845	0,7502658	0,0121152	0,0012494	0,2267654	0,3615509	0,0477359	0,1605699	0,7709686	0,7452751	0,9175874	0,4382342	0,0714710	0,2702009	0,4370170	0,0034640	0,5913845	0,4237228	0,3853349	0,0403071	0,4970181	0,6457987	0,9615649	0,3024363	0,7549883	0,1897880	0,9510969	0,1647213	0,2593522	0,5494540	0,1320582	0,9188985	0,4098915	0,5946684	0,9491244	0,1740070	0,6980759	0,3449067	0,8965999	0,2794059	0,2649770	0,5427469	0,6475132	0,9830916	0,4902709	0,9340648	0,6779997	0,4108160
940	0,6269987	0,6350590	0,6156190	0,3980362	0,7819091	0,6550621	0,5035931	0,7393776	0,5334719	0,2908676	0,1691463	0,5144306	0,6693174	0,2757896	0,7069219	0,8748157	0,5728710	0,7056277	0,0026785	0,0033286	0,2385596	0,3753505	0,0437073	0,1703556	0,7084599	0,7171137	0,9844392	0,4019227	0,0892643	0,2539452	0,3920115	0,0037011	0,5751736	0,4252587	0,3763191	0,0440284	0,4723527	0,6484525	0,9360107	0,2704484	0,7592652	0,1974751	0,9820541	0,1849394	0,2126161	0,5320670	0,1078270	1,0069964	0,4096875	0,5699013	0,8581739	0,1762176	0,7348430	0,3542184	0,9523532	0,2358957	0,2584761	0,5347773	0,6507055	0,9497267	0,4856969	0,9328830	0,6303042	0,3592990
960	0,6332737	0,6936872	0,5227686	0,4244047	0,7943153	0,7216351	0,5326790	0,7844355	0,5934917	0,3335793	0,1789466	0,4843831	0,6364399	0,2865678	0,7227060	0,8544447	0,5445412	0,7859018	0,0006824	0,0032870	0,2005867	0,3523192	0,0450847	0,1722099	0,7282019	0,6957551	0,9689244	0,4338612	0,0940656	0,2194969	0,3780578	0,0029776	0,5168766	0,4059681	0,3314013	0,0484049	0,5409255	0,6452733	0,9615578	0,2252927	0,8010634	0,1750484	1,0102836	0,1969248	0,1984703	0,5015880	0,0873132	0,9059425	0,4064804	0,5828427	0,8715992	0,1841167	0,6717518	0,3752708	0,8988887	0,2137605	0,2741454	0,5114481	0,6798122	1,0071175	0,4504604	0,9142392	0,5731230	0,3979066
980	0,6206014	0,6946994	0,5091803	0,4376241	0,7750758	0,6228130	0,5189063	0,7839300	0,5919948	0,3711458	0,1764130	0,5432723	0,6101805	0,3163959	0,7283019	0,8689483	0,5730563	0,7514656	0,0043298	0,0047088	0,1921719	0,3523900	0,0637716	0,1505778	0,7690030	0,6717087	1,0069335	0,4617406	0,0944860	0,1911532	0,3455986	0,0010726	0,5589916	0,4202280	0,3716797	0,0380093	0,5269845	0,7227937	1,0520763	0,2469359	0,8284125	0,1845081	1,0269052	0,1929336	0,2149167	0,5135855	0,0932411	0,9950066	0,3718065	0,5181566	0,7859219	0,1778259	0,6934450	0,3940815	0,8854639	0,2046341	0,2716294	0,4595235	0,6476269	0,9925930	0,4014868	0,8860156	0,6389728	0,3423289
1000	0,6242145	0,6611958	0,4877713	0,4257425	0,7850300	0,6764305	0,4848626	0,7605095	0,5473783	0,3493241	0,1669275	0,5779038	0,5831892	0,2913979	0,7223387	0,8283687	0,5768678	0,7607282	0,0089875	0,0091500	0,2113019	0,3855409	0,0880609	0,1555755	0,7630403	0,6846877	1,0258085	0,4356428	0,0882398	0,2194111	0,3788106	0,0032999	0,6354804	0,4308123	0,3898889	0,0429641	0,4667372	0,7339333	1,0308464	0,2782809	0,7969776	0,1762003	0,9918193	0,2467056	0,2176276	0,5033690	0,0755705	0,9227538	0,3891983	0,5350358	0,8199487	0,1685412	0,6862387	0,4403284	0,8530686	0,2014415	0,2671510	0,5673443	0,6299173	0,9866773	0,3945353	0,8312684	0,6902514	0,3211875
1020	0,6336384	0,6523786	0,5135998	0,4223250	0,8017127	0,6835727	0,5044157	0,7387554	0,5021658	0,4130465	0,1910787	0,5688341	0,5710068	0,2715788	0,7707487	0,8562807	0,5936974	0,7853925	0,0073419	0,0080586	0,2205637	0,3654720	0,0699978	0,1490468	0,7584740	0,7068135	1,0172006	0,4407419	0,0678501	0,2484546	0,3766944	0,0060604	0,6194586	0,4429621	0,3820263	0,0321833	0,5279368	0,7109844	1,0205252	0,3004757	0,7759396	0,1746477	1,0102765	0,2124349	0,2501979	0,5185981	0,0872012	0,9274234	0,3780968	0,5386665	0,8499334	0,2101042	0,7695673	0,3824751	0,9235748	0,2479552	0,2443967	0,5459340	0,7011672	0,9800118	0,4314697	0,8625958	0,6840867	0,3483197
1040	0,6292717	0,6713659	0,5367294	0,4267113	0,8273306	0,6597619	0,5193258	0,6979018	0,4654403	0,3988177	0,2118039	0,5604628	0,5845300	0,2371247	0,7202977	0,9100465	0,5767482	0,7431840	0,0041429	0,0063589	0,2067182	0,3415676	0,0888301	0,1647063	0,7596806	0,7607006	1,0733448	0,4649817	0,0944347	0,2463090	0,3738700	0,0077968	0,6611515	0,4651093	0,3460540	0,0306638	0,5512912	0,7346612	1,0100362	0,2689471	0,8088549	0,1772817	0,9857081	0,1871292	0,2290707	0,5069796	0,1058072	0,9217979	0,3540999	0,5575563	0,8962303	0,1786344	0,7419492	0,3682296	0,9014115	0,2906480	0,2498120	0,5309385	0,6788694	1,0375131	0,4315394	0,8578049	0,6033694	0,4097666
1060	0,5561649	0,6268902	0,5173970	0,4578866	0,8066595	0,6456790	0,4720172	0,7252277	0,5089119	0,4379344	0,1974506	0,5291075	0,5740171	0,2144229	0,6740027	0,8511835	0,5571582	0,7454530	0,0046474	0,0077739	0,2508625	0,3232502	0,0641661	0,1532701	0,8135704	0,7957315	1,0487185	0,4723016	0,0857344	0,2332567	0,3819374	0,0066550	0,6483580	0,4078499	0,3551488	0,0394499	0,5420049	0,7023513	0,9714228	0,2524328	0,7753927	0,1797265	0,9359071	0,2156282	0,2284822	0,5830061	0,1186978	0,9077866	0,3631159	0,5822622	0,9424791	0,1957923	0,7110865	0,3747199	0,8466465	0,3020294	0,2417851	0,5548259	0,6138496	0,9680081	0,4458702	0,7399193	0,5690630	0,4089264
1080	0,5944473	0,5605578	0,4712093	0,4979611	0,7609992	0,6003138	0,5168753	0,6961434	0,4967705	0,4264723	0,1892834	0,5260044	0,6054025	0,2188227	0,6385817	0,8868963	0,5362909	0,7250702	0,0016050	0,0064754	0,2485649	0,2983447	0,0624984	0,1736778	0,8121120	0,8674994	0,9938220	0,4352395	0,0814396	0,2208215	0,4247975	0,0064874	0,6152218	0,4110681	0,3456786	0,0279232	0,4749127	0,6692408	0,9890660	0,2281870	0,8013484	0,1825824	0,9922799	0,2152798	0,2167882	0,6572183	0,0827402	0,9776689	0,3681658	0,5473746	0,9376022	0,2072911	0,7193589	0,3286990	0,9063488	0,2991244	0,2567539	0,5100082	0,6183615	0,9581282	0,4796212	0,7147171	0,5805957	0,3989968
1100	0,6305012	0,5860795	0,5156227	0,4264102	0,7691639	0,6620859	0,5191674	0,6451239	0,4774530	0,4341659	0,1891270	0,4987437	0,5783584	0,2227432	0,7013716	0,8649855	0,5493985	0,7798571	0,0010774	0,0044664	0,2216864	0,2785714	0,0762740	0,1357061	0,7638334	0,8731676	1,0597775	0,4165465	0,0688461	0,1985505	0,4342630	0,0077129	0,6062551	0,4324490	0,3478238	0,0316652	0,4996940	0,6825976	0,9597566	0,2161791	0,7537345	0,1775016	0,9475674	0,2023202	0,2381689	0,6227325	0,1021947	0,9573400	0,3596316	0,5102384	0,9137489	0,2092232	0,7687347	0,3486204	0,9509589	0,2788908	0,2570292	0,5012816	0,6419233	0,9392524	0,4896010	0,7394175	0,6969589	0,3647324

0	0,5395862	0,6767542	0,5439019	0,5091957	0,8312002	0,6706050	0,4418857	0,6624448	0,4522177	0,5596729	0,1998400	0,5221288	0,6180368	0,3324114	0,7490338	0,7839795	0,5346745	0,7404448	0,0157864	0,0017709	0,2085649	0,2835339	0,0761841	0,1848712	0,7618372	0,7731345	0,9429673	0,4210163	0,0798527	0,2546479	0,4328205	0,0005026	0,5941943	0,4544619	0,3352314	0,0451189	0,5561952	0,7068761	1,0445583	0,2919150	0,7761423	0,1838384	0,9700039	0,1743543	0,2309267	0,5267793	0,0972665	1,0675199	0,4866894	0,6314319	0,9584337	0,1883482	0,7688648	0,2619535	0,9995399	0,2473337	0,2486138	0,4922794	0,6156741	0,9693634	0,5191243	0,8604995	0,7977280	0,3812659
20	0,3832706	0,5327380	0,2529791	0,6985096	0,8494498	0,6401949	0,4263003	0,6689849	0,5352512	0,6369631	0,1661119	0,3479045	0,6090040	0,2740244	0,7379636	0,7943134	0,5638184	0,7404394	0,0081779	0,0017308	0,1953319	0,4166878	0,0625620	0,1608526	0,7567531	0,7306776	0,8978298	0,4313609	0,0903420	0,6278299	0,3758673	0,0022105	0,4848278	0,3183584	0,3687489	0,0355225	0,5397702	0,7909020	0,9969446	0,3048905	0,7451204	0,2102150	1,0372066	0,5612744	0,1956431	0,5688154	0,0947283	1,0406951	0,3731413	0,5652908	0,5657459	0,1744834	0,8272606	0,2712418	0,8589540	0,2227883	0,2256679	0,5285812	0,6604966	1,0286513	0,4802867	0,8922573	0,8752694	0,3567832
40	0,2763075	0,4801147	0,1731152	0,7399065	0,8442667	0,5323557	0,3919701	0,7044188	0,5231994	0,7348182	0,1534628	0,2276704	0,5815162	0,3157953	0,7261851	0,7110574	0,5297950	0,7281063	0,0047824	0,0019519	0,1651532	0,4091872	0,0459595	0,1444500	0,7230916	0,6656949	0,9823649	0,4457268	0,0701708	0,7752064	0,4228147	0,0020292	0,3502992	0,3531525	0,3777376	0,0383392	0,4892255	0,7528863	0,9077824	0,2829096	0,6649883	0,1964893	0,9908700	0,7073427	0,1907039	0,5539860	0,1056417	0,9803183	0,3960056	0,5591047	0,3507347	0,2029145	0,8760166	0,2862864	0,9077231	0,2474163	0,2178177	0,5349837	0,6554961	1,0192814	0,4344540	0,8852945	0,9604344	0,3790620
60	0,2300339	0,3888520	0,1176002	0,7210991	0,8568241	0,5159105	0,3867502	0,7506020	0,5484086	0,8410323	0,1502536	0,1816349	0,6598306	0,2815653	0,7688519	0,7250335	0,5442706	0,7016620	0,0065515	0,0037940	0,1625099	0,4279755	0,0440260	0,1295005	0,6909258	0,6569568	0,9220488	0,3549313	0,0834635	0,8680231	0,3916808	0,0031579	0,2784610	0,3270963	0,3613691	0,0285170	0,4686458	0,6950032	0,9418332	0,2639536	0,6730279	0,2049497	1,0390103	0,8071445	0,1806556	0,5402911	0,1106565	1,0125954	0,4284983	0,6415264	0,2306531	0,1910472	0,9215917	0,2780681	0,8910603	0,2257255	0,2489342	0,5067842	0,7177522	0,9766420	0,4571668	0,8535748	0,9922330	0,4302204
80	0,1872276	0,3746837	0,1203383	0,6995343	0,8548428	0,4750227	0,3531378	0,7111779	0,5904474	0,8694456	0,1252123	0,1602889	0,6365067	0,2720665	0,7005169	0,7999857	0,5620796	0,6287183	0,0094461	0,0004506	0,1435638	0,4465942	0,0722141	0,1166383	0,6687493	0,6133341	0,9108628	0,3159000	0,1224006	1,0015412	0,3989018	0,0031412	0,2587907	0,3121450	0,3630500	0,0422204	0,5424154	0,6667769	0,9668390	0,2244657	0,7338698	0,2168315	1,0014476	0,8680564	0,1688248	0,5562140	0,0959558	1,0737660	0,4833779	0,6390184	0,1614797	0,2071013	0,9449885	0,2800706	0,8580413	0,1938204	0,2467610	0,5093658	0,8760297	0,9991204	0,3983955	0,8358869	0,9845305	0,3855539
100	0,1760769	0,3769038	0,1171418	0,6403922	0,8224119	0,4413211	0,3874793	0,7579892	0,6012461	0,8676853	0,1203061	0,1620879	0,6565957	0,2812048	0,6876698	0,7202372	0,5422664	0,6530017	0,0107213	0,0018842	0,1304079	0,3945260	0,0759820	0,1125934	0,6861151	0,5837405	0,9499344	0,2380844	0,1208398	1,0338520	0,3917622	0,0007827	0,2217354	0,3398503	0,3831907	0,0439651	0,5287879	0,6996628	0,9397114	0,1875774	0,7087318	0,1965163	1,0129671	1,0075933	0,1503822	0,5621237	0,1043798	0,9810563	0,4996951	0,5637834	0,1229036	0,2016697	1,0004752	0,3203019	0,9117063	0,1937538	0,2238899	0,4876828	0,9611939	1,0465151	0,3389430	0,8357240	1,0072094	0,4317765
120	0,1703910	0,4076452	0,1471526	0,6069701	0,8409193	0,4782895	0,3850370	0,8050450	0,6072615	0,8232291	0,1156086	0,1267791	0,6529974	0,2706620	0,6217598	0,7551888	0,6045866	0,7257697	0,0089677	0,0035413	0,0921419	0,3679954	0,0738181	0,0990792	0,7526220	0,5548829	1,0218684	0,2044471	0,1123022	0,9752832	0,4341502	0,0008478	0,2101228	0,3217992	0,4179473	0,0584920	0,5481110	0,6364403	0,9638918	0,1269662	0,7761442	0,1648475	0,9755926	1,0049114	0,1431080	0,6361230	0,0894036	1,0110700	0,5035245	0,5556842	0,1439786	0,1759684	0,9651268	0,3379331	0,8818365	0,1583539	0,2406307	0,4998878	0,9142552	1,1282042	0,3431324	0,8703676	0,9665016	0,4227027
140	0,1736040	0,4165316	0,1442123	0,6467781	0,8071682	0,4375333	0,4019297	0,8578598	0,6311472	0,8120039	0,0924760	0,1421553	0,6982805	0,2678608	0,6819566	0,7540060	0,6072725	0,7270753	0,0085825	0,0000000	0,0852988	0,3230542	0,0570237	0,0901805	0,7565986	0,5208320	1,0667439	0,1813463	0,0969668	0,9821589	0,4463971	0,0015759	0,2076659	0,3052554	0,4553363	0,0446702	0,5139629	0,6338810	0,9272624	0,1322492	0,7721905	0,1487736	1,0261832	0,9921854	0,1570228	0,5930641	0,0694596	0,9014444	0,4922653	0,5842336	0,1186378	0,2031576	0,9330745	0,3999665	0,8658210	0,1576092	0,2655546	0,5386682	0,9651899	1,1372648	0,3098407	0,8802725	0,9999083	0,4616570
160	0,1598644	0,4546010	0,1464896	0,6150474	0,7955644	0,4482090	0,3864810	0,8588424	0,6462715	0,8598285	0,0890403	0,1414995	0,7143737	0,2601072	0,7416362	0,7847876	0,5826752	0,7448412	0,0088331	0,0016549	0,0926632	0,3463598	0,0688988	0,1061422	0,7913706	0,5122477	1,0364151	0,1635728	0,1185025	0,9152532	0,4748155	0,0005177	0,2034333	0,3331040	0,3857033	0,0453842	0,3943849	0,5414885	0,9021406	0,1607879	0,7100726	0,1365087	0,9544200	1,0141044	0,1561473	0,5567508	0,0547176	0,9227660	0,5175161	0,5015275	0,1016990	0,1829129	0,9821870	0,4270978	0,9106790	0,1732398	0,2887481	0,5378851	1,0168613	1,0747371	0,3189925	0,9025719	0,9987359	0,4815743
180	0,1847617	0,5152246	0,1535885	0,6705996	0,8272672	0,4248161	0,3588441	0,9459542	0,6328358	0,8665630	0,0637308	0,1314653	0,6924175	0,2915721	0,7835276	0,8050224	0,5955113	0,7530357	0,0096610	0,0022925	0,1046579	0,3538639	0,0671413	0,1229869	0,8409234	0,5644882	1,0600598	0,1417674	0,1155480	0,9051941	0,5057540	0,0015766	0,1948664	0,3816872	0,3691156	0,0409456	0,4064345	0,5175236	0,9880929	0,1332688	0,6480324	0,1362527	0,9725097	0,9838034	0,1813554	0,5506914	0,0361530	0,9658610	0,5482637	0,4515029	0,0751908	0,1791283	0,9313672	0,4658120	0,8673659	0,1846311	0,2905879	0,5443922	0,9561898	1,0870016	0,3260444	0,8529300	0,9289986	0,4462931
200	0,1875817	0,5024817	0,1241299	0,5936356	0,7815119	0,4646239	0,3343045	0,8945909	0,6073265	0,8285685	0,0671985	0,1220655	0,6832861	0,2871417	0,7618870	0,7578452	0,5936181	0,7346304	0,0080899	0,0031937	0,0926548	0,3699972	0,0799851	0,1235293	0,8281127	0,5817544	0,9994645	0,1312969	0,1099117	0,9483266	0,5093670	0,0015394	0,2016954	0,3428686	0,3759087	0,0400796	0,4374149	0,4546806	1,0014794	0,1175154	0,6829782	0,1570939	0,9212322	1,0018295	0,1769555	0,4810317	0,0394293	0,9761556	0,5294242	0,4286879	0,0718681	0,1831333	0,9934535	0,5537812	0,9071429	0,1728815	0,3162867	0,5928648	0,9368088	1,0121369	0,3135985	0,8236109	0,9473229	0,3993554
220	0,1700437	0,5122689	0,1133616	0,7617522	0,7644624	0,4711583	0,3359032	0,8473355	0,6190905	0,8884300	0,0596473	0,1111992	0,6949972	0,2600071	0,7864090	0,7669364	0,5834133	0,7193858	0,0069529	0,0028676	0,0822183	0,3662666	0,0663749	0,1277220	0,7904225	0,5862978	1,0319411	0,1238956	0,1020453	0,9185713	0,5193586	0,0041293	0,1899935	0,3034884	0,3768873	0,0325722	0,4228173	0,4777097	0,9739605	0,1126127	0,7435936	0,1293706	0,9518943	0,9647338	0,1613142	0,5137555	0,0323422	0,9645776	0,5772822	0,4285751	0,0881873	0,1601757	0,9905641	0,5978861	0,8367592	0,1775623	0,3546455	0,6533279	1,0221358	1,0597401	0,3568455	0,8854181	0,9443964	0,4267364
240	0,1679615	0,4667791	0,1118535	0,7552212	0,7523847	0,4890810	0,3712364	0,8273893	0,5941772	0,8552015	0,0670355	0,1306164	0,7011114	0,2614048	0,7947444	0,7811319	0,5475750	0,6956035	0,0141097	0,0044868	0,0945866	0,3554782	0,0683870	0,1359052	0,7587058	0,5474900	1,0042379	0,1318038	0,1107087	0,9961518	0,5301442	0,0009061	0,2056085	0,3629068	0,4103923	0,0365102	0,3917494	0,4676080	0,9342624	0,1254075	0,7366882	0,0966415	0,9043084	0,9989772	0,1669337	0,5377924	0,0420002	0,9642857	0,5559773	0,3916166	0,0936412	0,1517677	0,9846004	0,6173421	0,8285789	0,2289312	0,3573631	0,6950443	0,9881098	1,0324372	0,3802527	0,9142865	0,9711370	0,4185763
260	0,1857350	0,4244551	0,1086182	0,6234360	0,7306021	0,4979264	0,4001908	0,8790941	0,5778801	0,8374504	0,0635835	0,1557387	0,7474725	0,2788990	0,7708074	0,7908600	0,5216277	0,7388026	0,0113592	0,0023125	0,0669613	0,3747739	0,0710691	0,1261593	0,7275822	0,5622213	0,9705887	0,1075543	0,1115025	0,9372224	0,5775099	0,0063069	0,2152071	0,3726874	0,4231816	0,0382873	0,4715470	0,4260341	0,9757403	0,1185646	0,7174564	0,0832092	0,8737208	0,9307318	0,1665360	0,5131487	0,0326070	0,9846248	0,6033895	0,3337803	0,1228959	0,1612295	0,9324528	0,5965338	0,8628681	0,2989910	0,3342613	0,6662736	1,0736844	0,9904346	0,4206173	0,9032719	1,1153473	0,3954303
280	0,1705654	0,4215524	0,1352662	0,6205973	0,6781467	0,5509424	0,4251005	0,9307909	0,5761834	0,8138630	0,0695253	0,1453662	0,7747213	0,2807075	0,7377033	0,7947474	0,5818245	0,7973947	0,0029930	0,0039313	0,0756169	0,3979460	0,0801675	0,1395927	0,7383954	0,5896230	0,9428655	0,1171391	0,0916165	0,8929186	0,5810236	0,0083035	0,2055091	0,3801257	0,4190628	0,0345515	0,3910022	0,4093996	0,9625374	0,1023677	0,7151735	0,0835363	0,9164308	1,0931498	0,1483078	0,5379550	0,0261798	1,0793841	0,5768708	0,3085854	0,0997790	0,1897722	0,9572655	0,6106554	0,8753364	0,2855731	0,3443723	0,5917348	1,0263172	0,9504650	0,4377924	0,9032795	1,0316147	0,3704990
300	0,1615386	0,4291099	0,1166281	0,6539424	0,6755394	0,5332360	0,4254934	0,9070330	0,5033600	0,8100047	0,0706152	0,1268789	0,7943882	0,2531489	0,7177437	0,7919551	0,5858242	0,7824642	0,0030726	0,0035404	0,0729475	0,4177471	0,0878323	0,1493229	0,7815501	0,6113101	0,9006499	0,1203498	0,0903058	0,8669856	0,5735712	0,0041628	0,1840594	0,3813953	0,3924606	0,0311578	0,3771972	0,3610949	0,9578415	0,1157816	0,6794072	0,1079999	0,9227464	1,0627931	0,1617904	0,5400621	0,0289560	1,0187443	0,5988342	0,3100557	0,1050823	0,1765219	0,9223854	0,6298501	0,8858491	0,2235618	0,3066300	0,5937324	0,9927206	0,9783671	0,4696148	0,8656302	0,9838154	0,3916946
320	0,1902137	0,4618179	0,1466105	0,6445749	0,7295816	0,5698206	0,4323076	0,9254837	0,4861091	0,8329592	0,0541456	0,1410934	0,7677272	0,2894216	0,6214806	0,8057494	0,5756319	0,7197424	0,0066523	0,0031620	0,0577515	0,3966616	0,0697252	0,1377164	0,7600534	0,6316411	0,9090132	0,0876593	0,0695926	0,8422327	0,5810830	0,0039506	0,1821862	0,4006050	0,4008855	0,0324772	0,3634192	0,3400827	0,9352130	0,1063755	0,7948115	0,0948283	0,9227299	1,0861451	0,1832825	0,5422335	0,0252582	0,9896964	0,5751254	0,2845848	0,0878040	0,1576029	0,9379818	0,5553803	0,9006749	0,2786746	0,3012214	0,6374722	1,0489701	1,0278883	0,4671498	0,9551574	1,0016540	0,4804571
340	0,1924916	0,5046493	0,1466422	0,6662210	0,7287237	0,6351057	0,3853015	0,8963137	0,4872032	0,7976988	0,0361402	0,1226273	0,6692027	0,2900154	0,6258871	0,7900645	0,6076275	0,7225622	0,0086919	0,0017213	0,0470716	0,4002370	0,0677745	0,1513626	0,7670362	0,6595327	0,9912369	0,1156176	0,0784927	0,8440473	0,6133324	0,0014136	0,2081204	0,4091794	0,4146193	0,0279809	0,3735050	0,3178875	0,9222169	0,1001217	0,7345661	0,0783613	0,9339389	1,0478288	0,1504097	0,5966871	0,0167329	1,0200800	0,6013345	0,2575099	0,1232870	0,1585264	0,9201058	0,5527889	0,9490289	0,2482525	0,3067261	0,6092620	1,0091646	1,0746273	0,4764959	0,9551524	0,9676101	0,4416778
360	0,1616362	0,4928042	0,1367889	0,6663183	0,7321979	0,5761042	0,3578344	0,8435451	0,5349799	0,8388250	0,0361622	0,1299884	0,7054958	0,3176764	0,6417050	0,8108855	0,5618229	0,7851060	0,0038587	0,0018584	0,0524110	0,3970335	0,0658113	0,1704668	0,8196354	0,6463855	1,0452989	0,1378482	0,0860205	0,8495469	0,5799605	0,0000610	0,2340898	0,4678188	0,3475551	0,0318970	0,4013132	0,2662798	0,8908391	0,0709240	0,7802253	0,0906346	0,9630786	1,0630566	0,1585088	0,5724658	0,0193624	0,9559150	0,6661763	0,2011977	0,1117429	0,1714059	0,8828700	0,5618567	0,8925031	0,2240537	0,3044497	0,5859666	0,9264593	1,0122756	0,4818331	0,9318823	1,0590873	0,3337210
380	0,1841036	0,4830469	0,1285903	0,6846612	0,6892290	0,5863382	0,3500911	0,8611391	0,5217134	0,8422318	0,0357923	0,1335131	0,6741395	0,2996903	0,6480019	0,8147207	0,5486534	0,7756344	0,0028409	0,0015761	0,0888081	0,3776606	0,0589600	0,1472998	0,8171090	0,6284213	0,9576483	0,1233645	0,0999040	0,9118968	0,5215332	0,0014520	0,2332048	0,4713569	0,3177279	0,0319033	0,4260124	0,2245704	0,9794401	0,0622531	0,7254605	0,1093317	0,9258721	1,0256612	0,1785485	0,5160070	0,0197569	1,0054900	0,6431075	0,2023980	0,1108026	0,1852365	0,9096253	0,5712888	0,8645319	0,2464850	0,3236826	0,5764642	0,9356044	0,9776304	0,4311778	0,9296693	1,0373837	0,3671341
400	0,1632000	0,4849132	0,1408386	0,7261006	0,6825978	0,5957167	0,3530613	0,8735374	0,5655690	0,8005633	0,0428149	0,1451668	0,6477027	0,2440108	0,7179213	0,8343173	0,6147065	0,7749672	0,0016261	0,0000946	0,0774645	0,4038093	0,0599904	0,1210873	0,7961587	0,6215986	1,0062832	0,1776815	0,0729380	0,9556580	0,5593831	0,0013309	0,2085328	0,4601816	0,3693199	0,0389559	0,4285568	0,2104275	0,9217412	0,0555582	0,7685878	0,1258517	0,9715061	0,9233001	0,1871448	0,5528325	0,0329380	0,9079333	0,5727732	0,2077339	0,1055554	0,1687440	0,9067024	0,5506208	0,8547638	0,2579501	0,3481211	0,5645184	0,9686369	0,9624909	0,4706253	0,9574320	1,0044205	0,3523979
420	0,1688909	0,4674709	0,1181194	0,7190104	0,6711854	0,5774499	0,4200914	0,9098017	0,6176377	0,7872356	0,0532658	0,1514064	0,5828324	0,2513686	0,7148531	0,8011698	0,5909210	0,8524153	0,0070658	0,0038173	0,0813434	0,3609450	0,0612308	0,1521047	0,7517250	0,6192693	1,0998886	0,1699879	0,0888870	0,9151361	0,5517676	0,0005537	0,2212150	0,4647995	0,3920871	0,0299104	0,4182478	0,1882392	0,9724517	0,0633937	0,7671271	0,1332066	0,9988253	0,9664392	0,1978459	0,5658915	0,0240435	1,0246442	0,5994167	0,1988283	0,1167691	0,1371472	0,8656122	0,5340003	0,8505617	0,2044587	0,3571075	0,5954651	0,9711575	1,0251052	0,4191094	0,9266070	1,0215057	0,3571292
440	0,1638020	0,4752239	0,1222896	0,6961604	0,6835059	0,5848005	0,4713977	0,9263283	0,6090534	0,7743902	0,0531275	0,1576191	0,6507287	0,2792234	0,6645715	0,7829658	0,5825136	0,8164550	0,0065556	0,0062731	0,0905486	0,3831466	0,0395651	0,1577648	0,7598461	0,6008426	1,0009875	0,1593123	0,0884279	0,9445460	0,5680761	0,0000000	0,2152413	0,4887464	0,3818813	0,0257215	0,3901470	0,1756376	0,9897907	0,0648595	0,7644294	0,1246266	0,9972802	1,0396327	0,1878937	0,5629048	0,0338111	0,9281806	0,6024314	0,2172803	0,0962577	0,1569862	0,8878918	0,5740150	0,8139314	0,2571069	0,3854009	0,5903465	0,9812078	0,9713040	0,4047826	0,9917799	1,0303463	0,3520698
460	0,2106066	0,4501295	0,1149756	0,6275662	0,6521269	0,5806448	0,4356639	0,9440836	0,5799331	0,7963478	0,0408383	0,1654146	0,6540835	0,2756016	0,6832907	0,8469952	0,6007137	0,8029992	0,0050555	0,0031168	0,0890023	0,3949747	0,0414360	0,1408602	0,7227426	0,6259143	0,9812187	0,1581883	0,0993658	0,9226563	0,5198948	0,0049634	0,2358171	0,4697451	0,3827440	0,0216504	0,3689919	0,1800462	1,0026171	0,0794168	0,7365204	0,1249946	0,9650198	1,0290612	0,1753708	0,4904832	0,0297405	0,9545275	0,6223942	0,1952785	0,0895065	0,1571206	0,9585751	0,6014534	0,8707350	0,2298343	0,3707888	0,6252541	0,8715625	0,9793842	0,4875741	0,9532829	1,0279874	0,3703912
480	0,1756175	0,4389253	0,1321211	0,6854033	0,7114791	0,6148900	0,3919044	0,8743670	0,5711680	0,8500012	0,0475474	0,1494652	0,6267623	0,2600342	0,7309120	0,8720115	0,6599419	0,7870222	0,0014929	0,0037747	0,0886100	0,3750687	0,0648125	0,1466401	0,7575010	0,6172921	0,9439415	0,1434891	0,1025264	0,9286250	0,4860975	0,0029482	0,2061129	0,4419442	0,3649560	0,0313688	0,3444560	0,2076072	0,9541653	0,0734455	0,6949464	0,1203368	1,0135541	1,0026210	0,1841564	0,5368356	0,0157017	0,9007621	0,5720133	0,1678619	0,1083911	0,1925828	0,9647751	0,5610590	0,8156336	0,3338723	0,3926127	0,6431781	0,8771542	0,9648713	0,4931339	0,8564337	0,9914410	0,3395032
500	0,1974893	0,4328591	0,1389545	0,6716706	0,7731663	0,5991548	0,4162005	0,8134803	0,5733823	0,8221684	0,0500272	0,1439351	0,6496937	0,3026696	0,7494574	0,7963894	0,6108542	0,8451702	0,0020503	0,0043133	0,0733445	0,4065969	0,0460701	0,1618298	0,8259084	0,5789744	0,9480155	0,1673762	0,0898282	0,8580535	0,5304264	0,0031804	0,2206989	0,4060076	0,3599925	0,0359567	0,3639089	0,2503404	0,9279677	0,0656979	0,7174425	0,1171336	0,9348385	1,0177183	0,1932144	0,5451612	0,0205879	0,9569164	0,5960235	0,1710286	0,1187160	0,2024559	0,9042913	0,5634851	0,9234854	0,3237957	0,4099247	0,6090705	0,9327642	0,9064962	0,5461922	0,8929566	1,0154794	0,4061494
520	0,1864431	0,4316266	0,1563859	0,6293290	0,7234137	0,6578149	0,4087591	0,8550449	0,6097833	0,8712249	0,0461695	0,1366255	0,6488832	0,3081692	0,7885422	0,8362302	0,6055263	0,8024649	0,0070112	0,0000000	0,0648457	0,3911731	0,0564445	0,1431119	0,8101615	0,5789211	0,9266773	0,2008882	0,0773663	0,9649392	0,5609284	0,0018690	0,2172521	0,4548035	0,3481112	0,0396333	0,3952447	0,2677360	0,9031846	0,0860407	0,6459916	0,0894705	0,9820205	1,0089327	0,2189838	0,5089189	0,0241989	0,9729065	0,5600193	0,1978379	0,1248025	0,1774414	0,8388232	0,6104311	0,9222927	0,3220694	0,3768209	0,6667801	0,9808265	0,9749133	0,5525710	0,8800226	1,0399246	0,4075841
540	0,1783238	0,4297916	0,1731104	0,6759511	0,6800792	0,6213616	0,3905407	0,8157327	0,6255028	0,8785268	0,0435692	0,1077336	0,6243493	0,2876553	0,7439505	0,8389699	0,6345453	0,7786079	0,0125451	0,0027040	0,0773992	0,3859899	0,0617921	0,1461801	0,8051453	0,5834814	0,9251556	0,1804120	0,0790503	0,9203840	0,5508660	0,0016406	0,2115428	0,4815405	0,3203804	0,0349308	0,3645180	0,2517483	0,9163662	0,0945722	0,7347753	0,1040816	0,9782243	0,9533018	0,2482904	0,4565506	0,0320818	0,9799490	0,5684992	0,2037613	0,1287606	0,1999287	0,8388281	0,6188376	0,8483410	0,2772180	0,3038304	0,6122425	0,9784022	0,9823866	0,5218108	0,8941528	0,9832863	0,3477852
560	0,1615778	0,4033886	0,1521823	0,6346560	0,6756423	0,6492738	0,4456850	0,8147620	0,6139596	0,9351416	0,0424629	0,1264066	0,6945455	0,2786656	0,7036447	0,8836188	0,6660904	0,7645231	0,0053211	0,0013594	0,0805167	0,3871375	0,0589398	0,1509377	0,7807707	0,5702151	0,8774729	0,1662298	0,0982657	0,8679065	0,5963802	0,0021766	0,1952277	0,4373907	0,2951543	0,0281472	0,3800009	0,2215871	0,9431141	0,0631704	0,7541770	0,1089937	0,9766950	0,9391307	0,2442001	0,4859495	0,0321795	1,0107595	0,5789895	0,1828696	0,0958363	0,1959620	0,8216938	0,5874236	0,9217317	0,2989623	0,3258924	0,6153913	0,9324834	1,0094649	0,5370576	0,9372055	0,9684527	0,3899677
580	0,3870481	0,5831217	0,5561004	0,3526463	0,6886078	0,7059602	0,5489960	0,7623228	0,5990800	0,6521460	0,0615040	0,4053129	0,7059799	0,2845841	0,7759847	0,7829015	0,5555193	0,7640744	0,0058240	0,0046959	0,0761392	0,3644874	0,0633659	0,1450407	0,8029531	0,6661506	0,8901319	0,1775221	0,1144041	0,4267464	0,5807779	0,0002007	0,3485209	0,4260133	0,3436302	0,0363610	0,4179876	0,3011489	0,8755842	0,0804237	0,8057327	0,1024501	1,0330822	0,5843242	0,2444324	0,4928186	0,0229514	0,9574866	0,6259880	0,1783857	0,4318881	0,1770738	0,7701173	0,5618933	0,9270774	0,2702366	0,3075018	0,6150098	0,9506364	1,0467341	0,5009678	0,8949907	0,9121797	0,4378829
600	0,4927552	0,6338992	0,6941474	0,2731545	0,7433036	0,7001093	0,5432962	0,8050162	0,5852491	0,4695127	0,0554237	0,5264185	0,6473043	0,2551221	0,7743783	0,8304446	0,5967615	0,7254053	0,0042181	0,0075979	0,0829614	0,3903094	0,0548286	0,1614285	0,7721834	0,6697813	0,9443489	0,1934987	0,1159227	0,2309735	0,5461410	0,0021248	0,4243014	0,3999863	0,3267109	0,0326298	0,3886786	0,3101982	0,9505192	0,0445985	0,7240024	0,0932576	0,9846534	0,3927405	0,2636326	0,4969605	0,0230521	0,9503628	0,6200859	0,1893074	0,6891921	0,1785031	0,7523223	0,5640038	0,8768720	0,2934797	0,2717123	0,5235905	0,8773528	0,9277694	0,5018554	0,9036428	0,9148737	0,3787303
620	0,5956052	0,6605399	0,6184265	0,3027975	0,7493985	0,6746253	0,5680702	0,7942378	0,6233190	0,3957550	0,0880206	0,5759229	0,6683243	0,2804254	0,7260102	0,7698146	0,5466507	0,7255904	0,0101258	0,0075843	0,0955772	0,3936248	0,0596858	0,1560496	0,7561277	0,7050447	0,9016153	0,2150889	0,1001990	0,1780950	0,4752065	0,0005998	0,4300314	0,4239630	0,2983267	0,0505392	0,4120478	0,3405710	1,0317500	0,0616882	0,7485290	0,1045373	0,9918919	0,2827634	0,2427499	0,4908395	0,0249918	0,9235837	0,5835358	0,2033140	0,7894837	0,1684334	0,7036389	0,5081597	0,9115673	0,2901670	0,2595232	0,5087521	0,7712756	0,9466637	0,5273244	0,8813679	0,9594075	0,4006962
640	0,6082278	0,6260670	0,6165394	0,3703873	0,7050882	0,7184524	0,5000519	0,8527446	0,6031426	0,3738055	0,0882740	0,6014276	0,6480279	0,2737172	0,7214640	0,8027804	0,5578178	0,8371784	0,0040313	0,0035173	0,1207073	0,4211904	0,0583841	0,1167034	0,7708849	0,7097706	0,8697246	0,3086560	0,0776701	0,1397500	0,4905598	0,0018904	0,4632584	0,4592882	0,3620534	0,0500069	0,4712717	0,4278772	0,9832680	0,0975329	0,8061900	0,1233464	1,0049619	0,2309015	0,2471176	0,4701282	0,0183488	0,9987574	0,5081210	0,2145661	0,8451353	0,1610992	0,7572616	0,4957585	0,9243639	0,2756064	0,2540743	0,5451602	0,6481777	0,9766398	0,5255891	0,8814221	0,9008535	0,3404678
660	0,6386634	0,6338860	0,5519012	0,3624137	0,8030185	0,6570474	0,4653986	0,8117009	0,5515773	0,3582508	0,1111901	0,6245217	0,6367390	0,2698744	0,7151611	0,7818577	0,5040679	0,8269796	0,0077953	0,0053717	0,1184173	0,4129153	0,0692522	0,1392581	0,7597893	0,7090033	0,9549212	0,3620715	0,0865848	0,1398005	0,4994379	0,0029784	0,5123023	0,4986757	0,3756555	0,0451276	0,4621369	0,4709598	0,9401566	0,1058333	0,7244163	0,1364952	0,9773766	0,2190465	0,2819657	0,4335625	0,0131303	0,9247907	0,4433372	0,2476750	0,8737795	0,1541629	0,7286017	0,4757579	0,8839624	0,3164506	0,3135790	0,6124583	0,5776114	0,9680865	0,5136312	0,9702005	0,8334237	0,3076502
680	0,5923034	0,5746680	0,5097378	0,4373218	0,7804375	0,6659490	0,4532622	0,8544451	0,5357791	0,3798461	0,1528857	0,6019567	0,6024101	0,2986972	0,7329860	0,7640423	0,5713552	0,7969819	0,0060454	0,0006646	0,1368962	0,4202585	0,0606102	0,1432613	0,7875697	0,6811284	0,9731620	0,3052726	0,0968127	0,1683654	0,4551865	0,0001794	0,5605766	0,5430914	0,3706522	0,0345642	0,5088708	0,5007218	0,9911810	0,1065246	0,7390003	0,1444433	1,0083975	0,1953655	0,2880107	0,4895794	0,0447937	0,9861908	0,4138939	0,3083235	0,9099543	0,1478016	0,7397283	0,5090125	0,8948916	0,3020883	0,3294615	0,6050375	0,5791760	0,9745781	0,5227153	0,9939137	0,7344860	0,3362897
700	0,6102694	0,6035059	0,5996788	0,4328921	0,8252943	0,6186431	0,4446556	0,7891130	0,5885840	0,3427032	0,1928168	0,5856199	0,6053637	0,2889218	0,7552858	0,7856868	0,6031780	0,7823060	0,0094675	0,0002123	0,1356700	0,3899923	0,0586183	0,1569016	0,7788879	0,7140956	0,9948630	0,3449548	0,0889602	0,1648984	0,4874945	0,0003240	0,5703576	0,4686687	0,3387943	0,0344969	0,4669488	0,5167108	1,0004643	0,1467624	0,7602217	0,1465721	1,0511307	0,2073013	0,2753639	0,4945546	0,0421406	0,9357363	0,4379112	0,3978200	0,8921316	0,1736084	0,7702671	0,5130348	0,9025979	0,2542494	0,2936898	0,6632975	0,5502511	0,9421966	0,5713383	0,9412116	0,7521732	0,3939137
720	0,6457715	0,5658030	0,5652316	0,4453332	0,8419391	0,6101385	0,5100249	0,8009697	0,4869444	0,3389174	0,2158575	0,5664742	0,6288285	0,2666301	0,7289632	0,8006991	0,5910389	0,7866396	0,0112648	0,0019135	0,1435556	0,3740250	0,0459940	0,1580808	0,8298352	0,7760711	0,9768123	0,3491135	0,0769109	0,2147211	0,4526063	0,0032531	0,5981162	0,4202280	0,3016080	0,0342341	0,5044248	0,5330192	1,0218015	0,1412822	0,7034451	0,1532875	1,0276655	0,1856299	0,2728565	0,5272095	0,0491336	0,8938455	0,4778227	0,3712167	0,9264727	0,1889897	0,7991744	0,5003367	0,8609516	0,2938383	0,2956639	0,6608392	0,5866481	0,9058248	0,5461821	0,9332882	0,7329182	0,3854557
740	0,6422828	0,6088968	0,5588558	0,4378558	0,8764250	0,5974704	0,5222789	0,8014964	0,4561292	0,3297810	0,2167777	0,6186567	0,6555057	0,2813466	0,6836284	0,7504410	0,6147856	0,7974283	0,0114558	0,0015002	0,1381256	0,3872359	0,0431389	0,1653410	0,7886325	0,7633851	0,9734094	0,4103448	0,1111650	0,2282083	0,4838575	0,0051145	0,5503025	0,3639408	0,3202235	0,0417166	0,5464583	0,6311153	0,9631991	0,1788066	0,7745465	0,1483825	1,0248920	0,1950990	0,2349545	0,4526313	0,0782476	0,8847793	0,4392831	0,4214576	0,9759854	0,1978894	0,7486715	0,5167497	0,8407809	0,3154203	0,3305151	0,6616629	0,6467419	0,9041853	0,4911262	0,9438824	0,7583432	0,4368279
760	0,6585268	0,6382046	0,4900032	0,4556764	0,8004306	0,5788666	0,4703336	0,7348383	0,4916856	0,3576323	0,1967086	0,6457721	0,6891650	0,2892440	0,6947841	0,7110519	0,5632427	0,8789255	0,0090028	0,0025622	0,1489142	0,3867943	0,0418552	0,1917769	0,7866932	0,7600599	0,9172485	0,4235292	0,0850754	0,2257574	0,4881327	0,0031557	0,5425488	0,3891936	0,3522083	0,0380736	0,5177003	0,6151009	0,9850102	0,2602393	0,7734644	0,1781799	0,9702641	0,2200932	0,2371820	0,5093684	0,1127323	0,9580034	0,4413897	0,5256624	0,9711744	0,2135036	0,7089670	0,4888338	0,8750841	0,2856681	0,3237587	0,6466622	0,6173525	1,0073548	0,4781116	0,9098243	0,8391112	0,3540722
780	0,6464521	0,6479021	0,5431375	0,4626228	0,8365052	0,6347722	0,4799225	0,7717949	0,4983543	0,3458578	0,2215669	0,5611876	0,6592184	0,2478689	0,6878607	0,6627998	0,6409020	0,8071272	0,0024124	0,0053778	0,1503965	0,3793323	0,0509637	0,1711841	0,7177043	0,7721083	0,9255578	0,4144426	0,1061072	0,2114236	0,4576274	0,0018627	0,5858864	0,4442425	0,3611499	0,0396048	0,5023355	0,6452757	1,0286540	0,2757774	0,7712789	0,1714235	0,9538099	0,2355313	0,2430938	0,5311869	0,1411238	1,0244205	0,4780736	0,5377604	1,0068850	0,2061516	0,7812776	0,5270643	0,8750554	0,3128314	0,3123542	0,5902881	0,5985766	0,9986566	0,4788357	0,8261417	0,7296651	0,3730201
800	0,6712781	0,6461095	0,5608252	0,4106368	0,8506148	0,6103311	0,4332320	0,7340947	0,4945864	0,3305649	0,2500593	0,5054904	0,6687145	0,2625098	0,6798870	0,7194233	0,6339825	0,7408025	0,0043685	0,0051439	0,1516235	0,3607067	0,0745193	0,1496680	0,7072854	0,7433017	0,9021475	0,4671894	0,0850260	0,2281617	0,4447580	0,0051712	0,5340944	0,3818354	0,3877351	0,0331649	0,5492680	0,6699815	1,0488229	0,2698524	0,7800840	0,1615919	0,9790450	0,2301306	0,2600923	0,5032519	0,1141688	0,9626754	0,4494812	0,5873694	0,9031483	0,2277353	0,8181998	0,5336975	0,9581338	0,2676363	0,3221260	0,6000864	0,6124387	0,9386374	0,4938688	0,8797884	0,7601251	0,4018856
820	0,5964964	0,6450369	0,5451986	0,4857034	0,8439132	0,6383951	0,4608733	0,6908442	0,4815944	0,3415390	0,2203364	0,5077010	0,6680164	0,3130025	0,6994236	0,6924217	0,6264709	0,7453875	0,0096243	0,0028059	0,1570542	0,3767943	0,0636080	0,1295019	0,6928941	0,7609182	0,9530757	0,4888054	0,0941209	0,2153231	0,4508117	0,0000191	0,5125333	0,3174253	0,3711573	0,0417828	0,5336135	0,7012357	1,0489283	0,3270574	0,7618149	0,1662055	0,9993715	0,2807581	0,2300488	0,5229217	0,1455254	0,9729856	0,4177712	0,6228677	0,8599927	0,2393851	0,7827041	0,4492573	0,9521203	0,2366361	0,3177933	0,5614020	0,5558858	0,9441853	0,4985655	0,9187725	0,7852524	0,4076030
840	0,6075094	0,5915393	0,4973183	0,4959797	0,7705848	0,6194917	0,4051743	0,7375989	0,5133390	0,3999056	0,2031141	0,5180833	0,6287710	0,3122629	0,7313870	0,6885714	0,5833346	0,7381250	0,0098585	0,0040121	0,1823081	0,3788255	0,0782063	0,1142344	0,6693466	0,7604773	0,9744135	0,4539165	0,1078335	0,2139694	0,4437458	0,0000000	0,4940885	0,3317084	0,3600872	0,0378827	0,5222991	0,7150617	1,0484321	0,3333678	0,7078114	0,1778707	0,9483962	0,2402771	0,2015446	0,5534853	0,1798883	0,9596098	0,3939226	0,6749928	0,7827493	0,2561250	0,7912283	0,3976967	0,8613688	0,2119986	0,2896686	0,5978579	0,5564611	0,9582354	0,5154153	0,9074495	0,8096359	0,4165940
860	0,6319302	0,6241227	0,5471197	0,5448444	0,8562380	0,5393970	0,4379813	0,7530153	0,5450366	0,3984895	0,1721418	0,5177353	0,6094029	0,2936679	0,6713973	0,7511075	0,5949476	0,7872293	0,0126651	0,0039645	0,1803353	0,3816232	0,0729184	0,1128634	0,6707457	0,8145718	0,9488351	0,4431938	0,0689726	0,2270243	0,4421932	0,0000000	0,5149254	0,3469407	0,3697020	0,0374194	0,4854132	0,7488117	1,1008105	0,3123940	0,7214192	0,1712181	0,9209092	0,2271003	0,2303788	0,5441579	0,1851780	1,0100921	0,4104432	0,6328287	0,8546153	0,2049039	0,7534342	0,3618596	0,9024718	0,2492756	0,2342721	0,6164469	0,5998787	1,0376865	0,5491567	0,9156626	0,7138282	0,4243198
880	0,6974340	0,6447905	0,4924891	0,5234158	0,8151955	0,5405129	0,4050198	0,7352661	0,5410119	0,4588911	0,1740966	0,5271923	0,5963365	0,2802733	0,6828166	0,7847965	0,6179870	0,7892685	0,0062261	0,0002981	0,1933310	0,4022247	0,0699763	0,1448766	0,7461636	0,8643905	1,0115781	0,4141458	0,0608716	0,2049249	0,4225442	0,0007431	0,5305081	0,2996285	0,3358750	0,0329732	0,5006842	0,7453965	1,0550677	0,2981838	0,7601323	0,1736563	0,9005948	0,1940787	0,1755117	0,5631938	0,1334491	1,0027478	0,3900286	0,6037193	0,8525774	0,1973905	0,7411630	0,3714630	0,8802342	0,2530293	0,2264109	0,5660898	0,5767233	0,9625881	0,5400223	0,8852597	0,6909458	0,4131703
900	0,6592865	0,6148060	0,4748061	0,4872923	0,8108874	0,5608484	0,3867291	0,7708185	0,5310061	0,5049042	0,1892329	0,5907566	0,6471283	0,2426900	0,6854862	0,7480156	0,6224125	0,8206581	0,0077514	0,0003144	0,1866340	0,3837945	0,0550732	0,1787062	0,7575751	0,8408553	0,9764907	0,4079907	0,0959635	0,1724355	0,3769142	0,0015262	0,5119242	0,3114263	0,3515613	0,0313202	0,5562909	0,7105208	1,0259955	0,2920967	0,7230102	0,1624918	0,9178256	0,1501368	0,1632208	0,5630926	0,1200303	0,9416536	0,3655281	0,5397978	0,8379167	0,1994775	0,7092149	0,3824352	0,8558896	0,2499861	0,2054494	0,5040515	0,5095018	0,9353109	0,5410064	0,8706227	0,7090052	0,3858375
920	0,6363097	0,6026792	0,4864062	0,5210682	0,8141023	0,5974899	0,4074681	0,7320084	0,5469072	0,5721572	0,1909947	0,5729262	0,6287490	0,2398924	0,7372151	0,7287464	0,6292915	0,7449266	0,0045518	0,0000565	0,1727546	0,3721924	0,0658503	0,1857992	0,7604636	0,8472423	0,9612943	0,3765731	0,0769047	0,1638101	0,3979683	0,0007132	0,5010299	0,3280545	0,3304303	0,0379291	0,5189149	0,6378664	1,0493206	0,2825549	0,7211836	0,1531055	0,8736312	0,1544906	0,1554665	0,5985515	0,1217400	1,0013723	0,3627634	0,5552386	0,8826674	0,1872715	0,7686178	0,3323832	0,8871249	0,2215020	0,1931884	0,4985691	0,5761719	0,8965650	0,5224249	0,8783587	0,5693511	0,3782886
940	0,6588123	0,5733263	0,4469337	0,5521639	0,8941278	0,6412323	0,4797969	0,6714966	0,4908974	0,5493852	0,1381244	0,5461109	0,6101818	0,2445165	0,7276440	0,7322106	0,5711066	0,7322293	0,0067837	0,0011858	0,1737865	0,3368986	0,0726197	0,1887796	0,7182990	0,7831415	0,9261095	0,3661963	0,0669166	0,2178801	0,3988178	0,0001775	0,4782172	0,3353211	0,3500562	0,0401667	0,5086171	0,6483345	1,0377478	0,2602472	0,7540732	0,1478682	0,9598065	0,1906746	0,1456509	0,5866630	0,1323700	0,9804981	0,3236151	0,6568061	0,9025615	0,1769880	0,7392114	0,3055976	0,8882181	0,2182510	0,2173467	0,4723742	0,5717067	0,8840501	0,5035728	0,8423653	0,5707277	0,4212910
960	0,5726301	0,5744918	0,5107359	0,5803679	0,8797977	0,6325510	0,4780932	0,6896313	0,5348944	0,6094010	0,1390078	0,5700491	0,6012888	0,2468886	0,7482629	0,7893189	0,5537310	0,7273152	0,0054161	0,0009647	0,1680039	0,3132254	0,0483987	0,1548444	0,6692222	0,7805473	0,9730280	0,3824045	0,0943894	0,1867174	0,3472673	0,0049533	0,5279481	0,3845214	0,3712933	0,0321903	0,5101648	0,6525313	1,0285252	0,2380496	0,7911303	0,1588045	1,0198350	0,2346303	0,1495376	0,5733096	0,1322021	1,0503523	0,2793403	0,6270971	0,8018125	0,1797735	0,7904141	0,2768882	0,9571920	0,1786924	0,1898668	0,5471764	0,5640970	0,9658066	0,5421367	0,8132223	0,5886501	0,3448470
980	0,6246491	0,5719805	0,5438694	0,4552587	0,8332640	0,6550382	0,5380070	0,7564351	0,4876369	0,5344243	0,1629984	0,5393780	0,5690905	0,2382155	0,7596561	0,7642421	0,5912896	0,7736634	0,0038644	0,0016553	0,1722885	0,3141292	0,0527726	0,1458390	0,6826772	0,8201473	0,9899949	0,4284412	0,0976362	0,2171838	0,3548753	0,0037737	0,5570886	0,3597299	0,3625479	0,0389253	0,4559653	0,6604981	1,0511938	0,2020697	0,7943977	0,1300187	1,0075428	0,2056852	0,1556335	0,5723099	0,1044656	1,1109950	0,2836155	0,6296693	0,8052123	0,1786350	0,8817735	0,2646670	0,9127208	0,1918026	0,2022037	0,5705521	0,6122700	1,0045293	0,5172153	0,8779102	0,6293068	0,3615305
1000	0,6664502	0,5812551	0,6029011	0,4211411	0,8486262	0,6841482	0,5403305	0,7561489	0,5800991	0,4952442	0,1647087	0,5509608	0,5859531	0,2762334	0,7119379	0,7805898	0,6308839	0,7650110	0,0091325	0,0021642	0,1768333	0,3295026	0,0626454	0,1510209	0,7028297	0,8039513	1,0098116	0,4122145	0,1024214	0,1974021	0,3914497	0,0035496	0,5893516	0,3739331	0,3372749	0,0397364	0,4786657	0,6254204	1,0676801	0,2016257	0,7863764	0,1283074	1,0610869	0,2116601	0,1840101	0,6125455	0,1061425	1,0137168	0,2819924	0,6240589	0,8043138	0,1809382	0,8392691	0,3249332	0,9030079	0,1658400	0,2270901	0,5466055	0,5929374	1,0337081	0,4718635	0,8283148	0,6705521	0,3549045
1020	0,6704794	0,5694618	0,6267430	0,4116418	0,8078199	0,6463222	0,4530099	0,7837978	0,5661809	0,4619381	0,1886672	0,5166701	0,5828086	0,2836244	0,7758717	0,7839318	0,5950590	0,8069763	0,0026644	0,0050784	0,1984152	0,3146309	0,0634634	0,1530094	0,7818519	0,7951449	1,0082680	0,4184034	0,0852173	0,2029981	0,3927435	0,0056677	0,5427384	0,4163001	0,3574972	0,0305769	0,4857233	0,6369076	1,0521301	0,1804021	0,7964713	0,1188358	0,9971849	0,1953827	0,1942789	0,6244912	0,0883749	1,0424009	0,3102054	0,6424910	0,8236360	0,1887191	0,7480217	0,3459161	0,8911080	0,1954833	0,2375627	0,5496420	0,6219017	1,0701101	0,4697692	0,8287889	0,5998616	0,4365747
1040	0,7110956	0,6200326	0,5940973	0,3790467	0,8045501	0,6417063	0,5046719	0,8360603	0,5782242	0,4408643	0,1734960	0,5343979	0,5610747	0,2615835	0,8101615	0,8090008	0,6191931	0,7962565	0,0052813	0,0052786	0,2015776	0,3150981	0,0640060	0,1427339	0,7510505	0,7891876	0,9663165	0,3957946	0,0650868	0,1746012	0,4172086	0,0022478	0,5415631	0,4471943	0,3451770	0,0336894	0,4878682	0,6774143	1,1400280	0,1820196	0,7527275	0,1601383	0,9632963	0,1699723	0,2168064	0,5907481	0,0720515	1,0231458	0,3496404	0,6024014	0,8389465	0,1680147	0,7071811	0,3632967	0,8919043	0,2127351	0,2819313	0,5716513	0,6115294	1,0270525	0,4941302	0,8465106	0,6688721	0,3863614
1060	0,6691028	0,6230618	0,5487185	0,3952190	0,7907496	0,6268939	0,5256001	0,8630556	0,5233376	0,4372344	0,1729277	0,4705860	0,6177077	0,2491322	0,8054436	0,7758826	0,5753349	0,7922435	0,0061639	0,0079890	0,1757776	0,3277261	0,0738218	0,1355878	0,7552731	0,7644651	0,8740240	0,3713569	0,0687233	0,1691837	0,4040105	0,0026640	0,5456237	0,4147785	0,3631093	0,0439632	0,4983779	0,7410813	1,0938338	0,2474101	0,8022828	0,1707424	0,9711810	0,1620595	0,1856999	0,5846477	0,1200437	0,9652693	0,3523990	0,5821341	0,8346082	0,1642833	0,7230337	0,3683173	0,8444576	0,2463658	0,2626508	0,5769371	0,5694510	0,9355335	0,5425803	0,8663447	0,5445637	0,3726694
1080	0,6300190	0,6245901	0,5347480	0,4394522	0,8002696	0,6297596	0,4859167	0,8432290	0,5270954	0,3990292	0,1790910	0,4830862	0,6141835	0,2742694	0,7992798	0,7893796	0,6013402	0,7299497	0,0082457	0,0011214	0,1974952	0,2842986	0,0725519	0,1265351	0,7655518	0,7482218	0,8829108	0,3773353	0,0772854	0,1860529	0,4155320	0,0032706	0,5408296	0,4353429	0,3809048	0,0391169	0,5119975	0,6917665	1,0188282	0,2700188	0,7970509	0,1352391	0,9819519	0,1827703	0,1853269	0,5637952	0,1201585	0,9444358	0,3538155	0,6002069	0,8568854	0,1637997	0,7801288	0,3948774	0,9160485	0,2573610	0,2994076	0,6384456	0,6327041	0,8792183	0,5227232	0,8628356	0,5856706	0,3944644
1100	0,6043049	0,6150247	0,5370013	0,4234031	0,7653105	0,6089928	0,4501584	0,8002350	0,5213916	0,4283022	0,1667015	0,4848193	0,6036216	0,2952047	0,7319589	0,7965669	0,5248801	0,7117069	0,0107649	0,0010816	0,1941096	0,3260998	0,0668630	0,1253324	0,7420802	0,7454276	0,9069645	0,3470046	0,0721160	0,1781289	0,3924733	0,0053284	0,5407529	0,3955543	0,3695599	0,0478293	0,4729535	0,6907958	0,9612006	0,2868849	0,8082628	0,1407704	0,9561923	0,1875851	0,1752090	0,5388746	0,0918293	0,9669954	0,3483628	0,5783504	0,9052057	0,1486139	0,8169659	0,3977268	0,9139946	0,2981464	0,2606449	0,5785521	0,5689304	0,9333836	0,5119363	0,8742656	0,6814341	0,4496127

0	0,5395862	0,6767542	0,5439019	0,5091957	0,8312002	0,6706050	0,4418857	0,6624448	0,4522177	0,5596729	0,1998400	0,5221288	0,6180368	0,3324114	0,7490338	0,7839795	0,5346745	0,7404448	0,0157864	0,0017709	0,2085649	0,2835339	0,0761841	0,1848712	0,7618372	0,7731345	0,9429673	0,4210163	0,0798527	0,2546479	0,4328205	0,0005026	0,5941943	0,4544619	0,3352314	0,0451189	0,5561952	0,7068761	1,0445583	0,2919150	0,7761423	0,1838384	0,9700039	0,1743543	0,2309267	0,5267793	0,0972665	1,0675199	0,4866894	0,6314319	0,9584337	0,1883482	0,7688648	0,2619535	0,9995399	0,2473337	0,2486138	0,4922794	0,6156741	0,9693634	0,5191243	0,8604995	0,7977280	0,3812659
20	0,5783410	0,5588370	0,3527107	0,5191227	0,5584754	0,6319777	0,5079206	0,7936546	0,5086741	0,5409516	0,1625103	0,5466613	0,6530953	0,3024229	0,7816961	0,7685102	0,6723102	0,7867221	0,0989291	0,0038047	0,4376852	0,4888277	0,0730331	0,1493914	0,5191961	0,7907145	0,9824468	0,4164849	0,1008722	0,2871027	0,3939634	0,0053388	0,5365553	0,3972696	0,3552116	0,2388747	0,4872904	0,6575744	1,1273762	0,2404689	0,8328904	0,1622223	1,0736844	0,1845966	0,1543866	0,5792603	0,0955879	1,0345617	0,3190765	0,5995199	0,5121691	0,2300645	0,6995525	0,5227623	0,8462384	0,2270350	0,2945253	0,5467801	0,3935202	0,6154420	0,4306171	0,8736985	0,7483797	0,3562420
40	0,5591827	0,5488877	0,3092692	0,4407608	0,4073744	0,5871644	0,5136854	0,7831217	0,4785663	0,5330144	0,1569235	0,5406761	0,6820247	0,3230902	0,7864528	0,7694175	0,6384653	0,8390293	0,1536285	0,0068613	0,5513268	0,5534509	0,0677321	0,1628578	0,4176408	0,8267725	0,9720310	0,3969606	0,1119476	0,3316326	0,3614171	0,0052340	0,5822111	0,3744750	0,3500170	0,3376127	0,5165349	0,6913762	1,0841176	0,2591576	0,8249615	0,1501477	1,0017077	0,1675606	0,1494203	0,5600847	0,0859325	0,9416541	0,3237974	0,5367199	0,2814041	0,2224266	0,6643397	0,6838288	0,8704046	0,2307078	0,3631650	0,5497129	0,3277359	0,4484157	0,4310008	0,8894952	0,6990124	0,3526908
60	0,6145173	0,5998994	0,3309586	0,3482401	0,3420264	0,6246827	0,4609672	0,7076568	0,4952272	0,5149568	0,1486856	0,4978443	0,7133910	0,2911212	0,8567317	0,7614970	0,6625784	0,8214489	0,1760552	0,0027399	0,6539365	0,6174766	0,0735067	0,1695474	0,3203594	0,8044021	0,9257779	0,3653455	0,0758159	0,3057226	0,3541202	0,0024147	0,5843931	0,3700483	0,3434953	0,4145874	0,4891455	0,6620606	1,0090880	0,2103487	0,7954097	0,1658695	0,9613020	0,1198032	0,1416510	0,5393422	0,0698034	0,9669050	0,2870069	0,4699990	0,1400841	0,2369938	0,6677416	0,8307557	0,8869771	0,2779949	0,3641210	0,5441154	0,2645134	0,3448890	0,4656165	0,8754223	0,7109512	0,3879637
80	0,6220370	0,5921840	0,3292088	0,3010799	0,3080002	0,6560187	0,4207290	0,6630898	0,5661558	0,4849885	0,1890156	0,5165833	0,6862697	0,2945588	0,8434352	0,7772958	0,6136994	0,8495162	0,1590094	0,0043608	0,6788790	0,6403024	0,1014200	0,1988719	0,3416816	0,8094042	0,8878739	0,3888926	0,0943867	0,2808239	0,3688029	0,0012127	0,6069374	0,3699980	0,2851707	0,5069308	0,4344511	0,6272395	1,0692339	0,1684204	0,7269854	0,1488450	0,9842357	0,0865541	0,1531598	0,4465122	0,0359675	1,0502331	0,2636361	0,3791165	0,0918801	0,2369303	0,6202581	0,7913549	0,8458669	0,3957635	0,3520921	0,5102187	0,2433016	0,2846109	0,5092086	0,8689811	0,7907343	0,3405927
100	0,6300363	0,5811342	0,3621042	0,3357675	0,2976746	0,7197238	0,4360483	0,6686594	0,5123300	0,5017535	0,2162229	0,5430948	0,6700225	0,3008032	0,7991756	0,8200535	0,5556197	0,8302228	0,1919198	0,0076406	0,6673388	0,6954967	0,0843402	0,1785407	0,3111424	0,8095418	0,8830716	0,4086477	0,0946154	0,3018277	0,4392617	0,0031254	0,5577879	0,3341016	0,2647798	0,5436451	0,4262287	0,5002754	1,0562597	0,1210358	0,6915334	0,1577373	0,9391743	0,0701043	0,1860169	0,3952065	0,0366531	1,0087294	0,2802775	0,3339967	0,0688422	0,2220929	0,5527100	0,8309722	0,8229400	0,3695201	0,3560759	0,5356088	0,2395695	0,2838773	0,5361728	0,8727609	0,7603270	0,3676411
120	0,5896198	0,5612936	0,2654990	0,3383019	0,2410188	0,6866749	0,3859926	0,6825883	0,4874818	0,4870283	0,2345299	0,5522562	0,7112476	0,3187059	0,7528992	0,8510891	0,5676087	0,8736549	0,2563778	0,0124644	0,6800383	0,7399385	0,1125959	0,2088329	0,2946953	0,8231627	0,9303025	0,4018414	0,0759079	0,2993903	0,4299526	0,0040714	0,5701985	0,3047261	0,2226741	0,5885580	0,3636639	0,4467446	0,9977605	0,1089405	0,6446432	0,1381867	0,9088462	0,0953150	0,1751585	0,3291542	0,0325209	1,1020701	0,2961437	0,2649664	0,0383207	0,2191913	0,5160934	0,8613219	0,8195529	0,4788928	0,3627810	0,5535884	0,2159104	0,2932451	0,5852104	0,8552840	0,7315867	0,3981582
140	0,5676609	0,5811532	0,3544397	0,3093813	0,2270827	0,6739090	0,3976169	0,7730202	0,4904171	0,4702860	0,2036272	0,5846710	0,7265454	0,2729486	0,7134804	0,9219798	0,5532054	0,8459351	0,2367798	0,0042127	0,7463193	0,7173022	0,1010201	0,2202403	0,3152361	0,7952256	0,9424677	0,4334736	0,0880764	0,2983673	0,4875318	0,0030492	0,5840586	0,3854774	0,2158976	0,5983396	0,4159995	0,3890675	1,0264615	0,0727422	0,5495361	0,1499809	0,8892248	0,0834158	0,1957909	0,2780016	0,0228024	1,0391803	0,2658773	0,2438812	0,0251578	0,2020613	0,5272999	0,9032704	0,8929333	0,4655121	0,3695367	0,5655933	0,2022946	0,2523755	0,5860030	0,9078427	0,6913001	0,4083167
160	0,5910358	0,6280804	0,3898034	0,2499775	0,1843088	0,7134530	0,4002540	0,7639181	0,4808351	0,3733935	0,1885265	0,5481478	0,6870480	0,2514384	0,6780349	0,8927732	0,5685713	0,8784068	0,2318025	0,0007543	0,7501983	0,7004051	0,1257352	0,2712830	0,3229897	0,7804453	0,9715203	0,4044064	0,0646383	0,3044250	0,4958442	0,0041952	0,6409091	0,4792517	0,2239147	0,5873535	0,4048451	0,3815080	1,0176691	0,0423562	0,4616580	0,1445982	0,9093269	0,0788874	0,2410932	0,2596984	0,0218330	1,0256441	0,2633303	0,2072682	0,0122650	0,1794764	0,4822999	0,9578254	0,8658668	0,5077847	0,3485882	0,5427595	0,1886344	0,2419428	0,6446515	0,9956584	0,7447613	0,4139396
180	0,5966392	0,6485068	0,3212586	0,2335320	0,1754570	0,7338052	0,3584908	0,7903550	0,5653514	0,3287117	0,2042176	0,5316911	0,6944029	0,2354951	0,7291943	0,7977526	0,5392879	0,8242918	0,2177881	0,0014927	0,8282347	0,7898170	0,1111858	0,2683392	0,2946987	0,7988749	1,0392807	0,4003388	0,0777627	0,3505518	0,4577868	0,0024372	0,7127263	0,5135490	0,2170567	0,5608604	0,3999361	0,3434659	0,9890754	0,0403984	0,3262590	0,1207727	0,8430279	0,0629290	0,2742495	0,2443944	0,0221147	1,0235872	0,2759387	0,1754595	0,0090106	0,1811316	0,4939460	0,9810793	0,9447353	0,4435605	0,3563992	0,5950600	0,1632468	0,2499612	0,6503209	0,9895770	0,6718309	0,4374584
200	0,6548654	0,6433862	0,3591773	0,2907841	0,1621876	0,7515753	0,3356641	0,7966923	0,5079125	0,3801966	0,1951850	0,5407276	0,6912572	0,2549521	0,6835331	0,7894872	0,5907787	0,8936107	0,2016018	0,0009794	0,8095294	0,7719859	0,0991986	0,2840730	0,2951063	0,7637114	1,0233325	0,4159195	0,0784605	0,3290105	0,4485162	0,0053354	0,7276225	0,5568327	0,2159426	0,5704219	0,3933610	0,2970350	1,0723625	0,0372867	0,2503805	0,1076827	0,8123885	0,0591839	0,2877543	0,1873777	0,0197039	1,0144448	0,2355587	0,1373683	0,0187473	0,1829990	0,4006322	1,0132088	0,9013971	0,4189461	0,3409543	0,5335439	0,1545710	0,2483190	0,6205511	0,9284380	0,7045151	0,3881897
220	0,5482313	0,6288857	0,3531235	0,3159193	0,1423246	0,6998234	0,3226065	0,7588287	0,4407454	0,4358221	0,1848599	0,5693226	0,6961309	0,2720419	0,7023663	0,8864148	0,5239150	0,8807959	0,2065156	0,0006805	0,7633860	0,7285280	0,1058432	0,2450062	0,2913320	0,7971727	0,9685864	0,4539816	0,0731697	0,3022130	0,4217851	0,0068412	0,6810930	0,5813577	0,1659147	0,5963232	0,3245612	0,2452657	0,9226094	0,0490738	0,1703672	0,1004228	0,8456923	0,0619144	0,3092283	0,1593318	0,0208756	0,9514470	0,2059932	0,0877985	0,0226367	0,1768416	0,3833127	0,9944772	0,9226052	0,4351939	0,3546484	0,5046243	0,1403952	0,2061887	0,6304129	0,9673116	0,7037189	0,3661792
240	0,5014753	0,5861501	0,2865894	0,2947825	0,1568201	0,7638600	0,3307841	0,7858406	0,4850224	0,4181821	0,1642984	0,5329089	0,7551814	0,2840986	0,7759334	0,8817886	0,4905217	0,8511464	0,1964208	0,0049630	0,7563829	0,8003214	0,1062589	0,3127715	0,2932040	0,8268622	0,9758324	0,4400094	0,0999753	0,2469279	0,3694533	0,0061374	0,7118321	0,6092327	0,1691583	0,5926480	0,3164162	0,2536788	0,8632438	0,0481458	0,1148850	0,0844627	0,8524750	0,0586355	0,3215519	0,1524662	0,0099959	0,9477429	0,2237998	0,0669965	0,0227632	0,1768350	0,3224446	0,9734442	0,9969797	0,4472104	0,3241379	0,4832493	0,1624851	0,2158930	0,6206037	0,8713953	0,6863859	0,3442110
260	0,5645104	0,6045128	0,3425693	0,2683156	0,1500821	0,6915395	0,3204105	0,7726949	0,5064432	0,3883289	0,1851850	0,5004461	0,7220405	0,2648824	0,7642458	0,8156105	0,5067720	0,9020013	0,2355543	0,0018577	0,7552015	0,8142891	0,1126498	0,3394114	0,3024550	0,8176661	1,0014180	0,3998634	0,1013840	0,2786784	0,4322010	0,0075148	0,7206480	0,6538236	0,1616389	0,5824145	0,3089216	0,2540430	0,8280046	0,0377898	0,0802464	0,0603469	0,7859673	0,0353610	0,3329659	0,1074357	0,0146532	0,9670836	0,2504196	0,0682501	0,0156002	0,1943278	0,2699417	1,0067048	0,9660458	0,4335488	0,3276484	0,5420459	0,1951760	0,2026977	0,6192864	0,9346095	0,7061252	0,3886999
280	0,6401550	0,6207921	0,3648610	0,2304206	0,1440565	0,6849463	0,3403348	0,7453511	0,5694105	0,3490986	0,2011985	0,5502276	0,7097863	0,2930531	0,6988814	0,7772091	0,5005563	0,9174881	0,2033752	0,0030583	0,7322888	0,7595027	0,0995020	0,3315436	0,3042212	0,7847526	1,0388716	0,3841941	0,0793526	0,3350378	0,4588942	0,0045817	0,7775987	0,5862200	0,1658166	0,5698504	0,2884046	0,2329397	0,7152903	0,0435855	0,0466436	0,0632874	0,8328527	0,0608823	0,3365388	0,0880497	0,0166242	1,0360755	0,2691231	0,0564699	0,0166857	0,1883628	0,3005239	0,9093949	0,9639402	0,4574602	0,3342852	0,5345359	0,1679273	0,1733887	0,6157422	0,8623373	0,9056758	0,4368709
300	0,6199743	0,6406992	0,3850749	0,2100269	0,1267085	0,7385547	0,3184120	0,7241406	0,5733328	0,3277886	0,1998366	0,6019606	0,6776421	0,2770909	0,6879350	0,7490898	0,5334110	0,9212562	0,1778690	0,0002437	0,7359489	0,7261179	0,1050659	0,3292552	0,2973504	0,8068315	0,9703863	0,4160236	0,0934774	0,3218703	0,4806538	0,0057546	0,7985643	0,6452475	0,1499293	0,5292936	0,2978304	0,2900600	0,6740068	0,0384549	0,0484536	0,0639593	0,9408313	0,0477621	0,3324106	0,0753291	0,0102787	0,9656167	0,2622475	0,0448996	0,0090261	0,1926949	0,2578587	0,8666583	0,9563893	0,4611620	0,4003968	0,4959340	0,1617345	0,2413073	0,6432679	0,9606055	0,7891579	0,4032080
320	0,6445931	0,6188757	0,3959708	0,2181511	0,1353176	0,7392137	0,3396339	0,7330705	0,5618063	0,3003146	0,1953693	0,6104985	0,7373496	0,2824815	0,7632322	0,7432168	0,6227684	0,8618872	0,1983251	0,0080792	0,6932228	0,7587211	0,0967218	0,3181630	0,3205866	0,8335379	0,8544539	0,4193101	0,0989646	0,3511483	0,5231781	0,0027364	0,7890676	0,6721992	0,1382289	0,5786308	0,3169371	0,3077435	0,6448113	0,0381643	0,0436336	0,0747514	0,8977194	0,0627841	0,2831324	0,0829831	0,0082978	0,9573350	0,3102910	0,0435822	0,0159291	0,2023030	0,2330557	0,8521341	0,9634749	0,4265082	0,3720744	0,4811857	0,1915516	0,2429652	0,6228156	0,9122480	0,8284651	0,3847187
340	0,6442638	0,6237352	0,3575605	0,2663418	0,1256234	0,7866985	0,3960432	0,7074119	0,5720410	0,2993531	0,2221467	0,5685199	0,7173382	0,2890341	0,7538961	0,7623859	0,6282771	0,8132927	0,1953349	0,0055797	0,7578963	0,7561912	0,0797657	0,3684667	0,2815690	0,8223055	0,8624447	0,4034328	0,1061277	0,3560830	0,4916060	0,0015031	0,7874517	0,6991159	0,1160697	0,5490924	0,3113815	0,3303867	0,6792596	0,0205015	0,0515684	0,0894913	0,8561397	0,0766937	0,2865305	0,0583375	0,0189099	0,9250464	0,3224319	0,0462789	0,0127645	0,1748869	0,1936163	0,8797778	0,9676736	0,3798698	0,3716020	0,5099213	0,1778924	0,2467794	0,6081120	0,8634806	0,7068848	0,3800093
360	0,6600977	0,5992894	0,3533882	0,2445762	0,1776033	0,7704638	0,3465494	0,7672551	0,5820579	0,2905133	0,1878724	0,5721625	0,7951716	0,2779393	0,7943212	0,7546616	0,5719811	0,8425293	0,1842223	0,0038181	0,7673144	0,7526294	0,0761076	0,3884852	0,2501408	0,8442190	0,9606985	0,4805860	0,1038749	0,3824911	0,5182330	0,0020592	0,7669925	0,6512548	0,0991278	0,5292018	0,3249721	0,3694520	0,6501999	0,0266821	0,0381996	0,1072403	0,8717808	0,0793073	0,2669524	0,0773848	0,0179920	0,9303206	0,3089803	0,0476045	0,0077338	0,1915559	0,2058034	0,9474981	0,9188529	0,3714367	0,3267453	0,5489143	0,1667078	0,2514669	0,6086497	0,8966323	0,7022587	0,3696385
380	0,6438041	0,5765844	0,3633510	0,2323491	0,1654516	0,7926647	0,3524717	0,7730212	0,5569565	0,2812090	0,2204840	0,5913287	0,7854781	0,2719973	0,8351042	0,8256393	0,5392290	0,8713188	0,2387605	0,0031856	0,7164539	0,8065442	0,0647967	0,3742770	0,2896881	0,8543739	1,0103998	0,4878670	0,1058467	0,4482990	0,4354327	0,0015275	0,7259718	0,5812616	0,1113133	0,5088879	0,3067187	0,3739024	0,7812298	0,0333081	0,0469173	0,1184689	0,7746920	0,0685190	0,2263708	0,0784049	0,0167637	0,9278750	0,3266414	0,0602337	0,0101200	0,2135540	0,2207907	0,9810050	0,9463094	0,4181018	0,3405407	0,5609172	0,1880151	0,2689388	0,6074947	0,8978321	0,6553594	0,3961558
400	0,6485570	0,6344302	0,3340226	0,1922273	0,1605718	0,7653670	0,3574636	0,7860015	0,4712270	0,2669214	0,2081311	0,5487701	0,8181628	0,2686939	0,7993185	0,7710639	0,6393907	0,8611830	0,2487795	0,0006873	0,7494009	0,7268136	0,0751600	0,3643508	0,2945114	0,8523298	0,9315559	0,4534602	0,1009591	0,3606100	0,3995095	0,0030879	0,7352778	0,5700310	0,1569002	0,4955312	0,3343471	0,3275972	0,8534842	0,0268892	0,0484523	0,1294358	0,7979283	0,0499269	0,2143378	0,0670439	0,0113574	0,8926869	0,3054564	0,0762097	0,0120973	0,1977298	0,2491622	0,9479108	0,9251686	0,3760586	0,3900600	0,5048276	0,1894383	0,2622157	0,5703294	0,8922649	0,7030067	0,4217908
420	0,6331134	0,6127840	0,3553078	0,2306658	0,1595944	0,8169450	0,3459253	0,8143610	0,4288404	0,2899980	0,2363423	0,5784829	0,7778227	0,2519569	0,7967718	0,7375240	0,6081445	0,8891921	0,2232786	0,0033094	0,7252073	0,7508159	0,0905113	0,3379185	0,3153062	0,8447866	0,9549696	0,4709122	0,0950994	0,3732432	0,3761231	0,0026678	0,6926481	0,5808048	0,1562260	0,5182712	0,3409450	0,3222824	0,8666781	0,0151118	0,0580428	0,1358707	0,7621913	0,0715851	0,2477586	0,0461991	0,0129951	0,9256207	0,2758367	0,0921979	0,0086413	0,1961521	0,2446205	0,9264395	0,9174532	0,4016409	0,3830747	0,4340149	0,1772424	0,2407294	0,5511932	0,9287317	0,6551896	0,5002292
440	0,6279596	0,5932119	0,3536046	0,2528034	0,1724123	0,8174553	0,3803746	0,8053464	0,4689687	0,3158773	0,2419306	0,6061364	0,7081752	0,2618120	0,7842155	0,7035300	0,5986384	0,8652330	0,2596241	0,0045087	0,7182292	0,7626678	0,0738353	0,3530619	0,3182205	0,8637027	0,9585809	0,4930498	0,1029609	0,4217345	0,3974711	0,0027976	0,7001832	0,5854790	0,1675630	0,5273862	0,3562822	0,3220387	0,8204716	0,0128403	0,0610570	0,1259910	0,7981489	0,0682290	0,2132101	0,0558072	0,0133644	1,0049354	0,2605778	0,0947541	0,0163169	0,1794569	0,2568757	0,9451074	0,9072469	0,3811368	0,3324173	0,4842605	0,1638145	0,2292276	0,5545903	0,9504822	0,8012680	0,4095500
460	0,6725248	0,5893606	0,3348467	0,2329119	0,1546737	0,7928921	0,3665586	0,7916592	0,5260528	0,2986609	0,2202716	0,6654273	0,7345633	0,2579283	0,7645159	0,7533729	0,5968675	0,9074656	0,2254244	0,0045339	0,7725026	0,7877953	0,1131908	0,3325250	0,3217549	0,8119315	0,9263776	0,4800412	0,0931866	0,3827581	0,3639162	0,0037109	0,7194465	0,5545751	0,1632845	0,5680221	0,3782682	0,3580183	0,8505651	0,0185025	0,0883943	0,1433062	0,7715035	0,0513171	0,2256092	0,0492719	0,0212956	1,0266668	0,3107626	0,0990063	0,0147312	0,1545873	0,3283455	0,9599424	0,8935466	0,4246142	0,3396693	0,5185420	0,1569046	0,2397714	0,5320601	0,9042764	0,7130675	0,4109613
480	0,6376868	0,6255695	0,3864138	0,2345788	0,1499709	0,7765555	0,3575481	0,7587600	0,5495426	0,2899140	0,1661670	0,6109876	0,7265897	0,2789463	0,7057519	0,8068950	0,5633149	0,8443556	0,2070731	0,0054634	0,7019626	0,7690220	0,1431358	0,3409760	0,3653324	0,8178530	0,9580654	0,4680016	0,0781040	0,3880214	0,3966141	0,0025745	0,7102985	0,6380290	0,1724317	0,5751681	0,4518752	0,3587525	0,8217698	0,0173675	0,0893595	0,1457499	0,8323592	0,0833801	0,2246784	0,0573022	0,0113831	1,0059281	0,3075596	0,0981368	0,0109567	0,1480590	0,3158315	0,9777734	0,8766249	0,4224937	0,3696290	0,5270363	0,1653830	0,1890261	0,5576021	0,8892831	0,8017408	0,4838842
500	0,6669280	0,6548170	0,4058657	0,2581743	0,1480354	0,8098610	0,3311140	0,7651288	0,5050508	0,3462156	0,1830098	0,5958559	0,7011465	0,2920425	0,6932681	0,8119299	0,6012449	0,8168545	0,2141423	0,0064464	0,6912405	0,7378492	0,1164736	0,3522192	0,3366178	0,7984498	0,9674952	0,4344394	0,0876485	0,3663921	0,4471452	0,0039823	0,7436314	0,6640930	0,1583940	0,5722030	0,3875994	0,3477451	0,8220042	0,0243947	0,0512754	0,1123253	0,8821453	0,0729707	0,2072083	0,0528497	0,0117033	0,9703531	0,2593028	0,0822936	0,0187276	0,1254304	0,3092925	0,9541035	0,9120978	0,4066924	0,4221800	0,5939467	0,1778129	0,2539178	0,5539276	0,9030034	0,7350242	0,4897808
520	0,5745231	0,6596132	0,3332678	0,3347564	0,1676589	0,7704889	0,4434467	0,7151823	0,5248241	0,4259726	0,1974475	0,5661962	0,7209232	0,3108055	0,7268572	0,7946666	0,5480478	0,8053852	0,2412485	0,0124881	0,7832070	0,7614200	0,1174032	0,3300646	0,3435464	0,8329990	0,9888921	0,5394340	0,0979984	0,4044775	0,4582882	0,0043486	0,7567974	0,6716296	0,1817560	0,5781640	0,3641130	0,3916203	0,8543047	0,0235656	0,0561908	0,1178731	0,8365625	0,0570170	0,2319518	0,0622592	0,0030214	1,0074791	0,2862194	0,0697900	0,0192820	0,1432651	0,2948662	0,9568100	0,9289893	0,4286207	0,3885718	0,6213013	0,1380810	0,2801615	0,5744695	0,9290714	0,7097897	0,4732087
540	0,5960703	0,6020331	0,3071813	0,3704285	0,1616197	0,7554197	0,4127747	0,6281040	0,4861922	0,5085638	0,1749357	0,5819529	0,7242360	0,2767009	0,7346011	0,7740936	0,5249255	0,8099287	0,2538239	0,0000000	0,7941373	0,7721046	0,1175634	0,3482406	0,3067258	0,8648511	1,0168745	0,4885326	0,1019643	0,4459157	0,4203167	0,0000827	0,7330032	0,6283928	0,1560936	0,5916642	0,3770299	0,3665000	0,8507274	0,0357754	0,0645452	0,1062956	0,8548706	0,0780531	0,2059047	0,0499697	0,0103249	0,9765673	0,2771457	0,0683181	0,0067782	0,1722973	0,2709093	0,9415486	0,8977574	0,4155244	0,3583246	0,5371387	0,1740570	0,2737740	0,5645381	0,9106605	0,7145490	0,4209326
560	0,6053916	0,6372273	0,3436032	0,3034003	0,1731773	0,7940601	0,3885655	0,6615820	0,4526467	0,5279525	0,1708050	0,5835537	0,7057338	0,2717654	0,7115455	0,7443944	0,4911189	0,8460646	0,2237920	0,0030852	0,7657098	0,7662477	0,1137233	0,3335174	0,3223559	0,8222372	0,9567567	0,4303430	0,0907904	0,3763047	0,4449555	0,0044870	0,6991812	0,6343715	0,1574583	0,6399664	0,3301505	0,3969228	0,8675851	0,0238056	0,0542931	0,0993006	0,8706180	0,0682718	0,2200506	0,0443379	0,0075304	0,9689246	0,2867780	0,0790509	0,0100688	0,1775979	0,2743780	0,9973181	0,9035491	0,3866840	0,3598568	0,5064308	0,1830530	0,2699253	0,5548580	0,9083576	0,8467952	0,3709287
580	0,6119665	0,6552880	0,5090707	0,3043064	0,2956018	0,9599293	0,3897805	0,6755587	0,4998141	0,5061046	0,1811983	0,5730351	0,7347164	0,2494711	0,6884698	0,7558926	0,5540656	0,8198911	0,1339849	0,0051561	0,5545093	0,6222053	0,1189966	0,3631055	0,5025233	0,8283530	0,9381452	0,4604832	0,0778666	0,3157107	0,5085658	0,0000000	0,6874602	0,6254480	0,1853807	0,4232393	0,3390597	0,3790769	0,9007222	0,0475817	0,0591339	0,0960412	0,8622199	0,0678379	0,2377337	0,0572126	0,0171111	0,9422193	0,2982437	0,0605840	0,3597428	0,1797267	0,2639484	0,7106431	0,8346232	0,4427105	0,2862269	0,4969596	0,3899823	0,6803909	0,5732256	0,8405153	0,7939623	0,3891860
600	0,5776853	0,6280659	0,5049831	0,2957845	0,4003187	1,0052071	0,4073049	0,7194078	0,5328848	0,4827468	0,1985636	0,5174310	0,7619194	0,2647109	0,6465959	0,7673748	0,5583645	0,7662084	0,0780142	0,0048079	0,4431557	0,5756344	0,1242689	0,3149140	0,6420546	0,8679039	0,9586313	0,4255209	0,0846930	0,3370352	0,4678724	0,0008375	0,6629480	0,5634931	0,2212096	0,2977554	0,3200520	0,3515337	1,0026392	0,0556073	0,2005387	0,1164789	0,8906634	0,0586182	0,2518346	0,0658394	0,0216023	1,0128791	0,2880107	0,0710919	0,5699885	0,1952467	0,3346541	0,5612393	0,9163365	0,4293007	0,2308476	0,5392975	0,4823446	0,7907603	0,5470701	0,9100024	0,6938692	0,3648792
620	0,5873295	0,6429110	0,5171009	0,2736189	0,4404679	0,9180435	0,3408053	0,7496651	0,5325695	0,4737678	0,1817041	0,5208675	0,7080350	0,2713692	0,6948314	0,7682850	0,5509874	0,7619332	0,0563713	0,0054750	0,4415627	0,5333986	0,0993216	0,2741957	0,7417118	0,7909207	0,9759234	0,4830640	0,0632751	0,3252718	0,4553692	0,0032359	0,6601560	0,5345732	0,2570641	0,1880719	0,3222257	0,4255103	1,0586267	0,0736260	0,3792012	0,1036775	0,8665335	0,0583478	0,2362289	0,1091835	0,0170801	0,9869271	0,2784019	0,1046985	0,7067937	0,1889561	0,4542284	0,4234858	0,9345434	0,4292691	0,2529949	0,5061812	0,5246544	0,9119975	0,6073615	1,0342703	0,7371710	0,3179522
640	0,5999373	0,6318233	0,5155607	0,2894927	0,5715563	0,9894897	0,3407695	0,7154255	0,5067095	0,4675236	0,1664565	0,4901519	0,6687137	0,3109494	0,7304756	0,7892306	0,6014948	0,7850566	0,0301265	0,0079076	0,3876266	0,5236876	0,0960641	0,2710926	0,7747844	0,7664101	0,9723281	0,5225563	0,0833687	0,3458847	0,4467003	0,0019497	0,6533735	0,5523864	0,2577990	0,1347222	0,3542577	0,4461350	1,0227203	0,1210989	0,4490098	0,1072817	0,9056655	0,0747391	0,2535647	0,1425565	0,0243703	0,9937115	0,2772505	0,1390070	0,8103211	0,2073582	0,4993526	0,3552401	0,9368871	0,4053731	0,2246254	0,4836324	0,6050113	0,9344010	0,5775242	0,9826307	0,6307193	0,3278662
660	0,5463236	0,6742418	0,5265564	0,3349073	0,5992576	0,9329690	0,4453436	0,6901013	0,5151680	0,4819692	0,1847976	0,5095818	0,6519360	0,2867585	0,6804588	0,7527880	0,6476045	0,7602545	0,0217508	0,0061996	0,3456108	0,5252235	0,0933215	0,2145939	0,7391857	0,7786649	1,0640569	0,5655290	0,0918246	0,3836332	0,4138784	0,0005266	0,6562209	0,5557260	0,2642785	0,0887371	0,4644262	0,4685665	0,9897873	0,1670267	0,5588283	0,1153680	0,8859072	0,0662870	0,2286707	0,1896272	0,0350630	0,9901466	0,3155590	0,1898063	0,8668374	0,2088678	0,5515283	0,2877223	0,9005588	0,4466759	0,1966872	0,4832375	0,5491594	0,9219899	0,6119216	0,9894586	0,6376785	0,3565120
680	0,5222382	0,6492305	0,4980822	0,3865866	0,6166479	0,9062398	0,5127737	0,6614546	0,5028784	0,5205616	0,1819669	0,5361290	0,6597481	0,3232381	0,6983435	0,7402570	0,6602512	0,8134488	0,0151360	0,0038947	0,3563279	0,4955409	0,0907902	0,1687772	0,7503160	0,7808269	1,0372504	0,5421421	0,0644574	0,3250493	0,3944405	0,0023760	0,6314892	0,5465500	0,3131662	0,0612541	0,5381407	0,5769329	0,9442095	0,2327073	0,5919588	0,1265655	0,9182647	0,0702599	0,2208346	0,2930546	0,0379394	1,0059647	0,3454604	0,2613695	0,8658337	0,2124939	0,5926155	0,2749714	0,9786992	0,4099983	0,1797236	0,4568477	0,5542665	0,9747930	0,6282533	1,0181971	0,6650465	0,3339327
700	0,5373900	0,6571515	0,5182831	0,4410933	0,7143283	0,7947351	0,5563696	0,6389385	0,4963481	0,5582741	0,2057524	0,5717702	0,6624994	0,2534100	0,7587866	0,7678178	0,6459948	0,8199825	0,0126034	0,0019054	0,3106056	0,4570745	0,0742055	0,1618081	0,7218237	0,7414466	1,0132674	0,5727789	0,0690720	0,2966204	0,4777442	0,0024504	0,6299683	0,5092341	0,2954822	0,0495526	0,5102760	0,6287293	1,0759867	0,2877124	0,6903407	0,1534768	0,8889003	0,0970756	0,2030776	0,3147557	0,0445214	0,9924337	0,3582379	0,2949658	0,9744643	0,1964148	0,6368254	0,2469966	0,9515671	0,3956490	0,1797850	0,4252221	0,6718150	0,9205294	0,6748185	0,9698532	0,7343589	0,3412357
720	0,5937329	0,6647212	0,5190099	0,4657500	0,7264619	0,7641087	0,5168341	0,6119028	0,5357380	0,5683432	0,2121064	0,5752708	0,6881420	0,2527616	0,7547526	0,7671218	0,5635762	0,7788079	0,0081652	0,0080515	0,2802033	0,4394280	0,0524387	0,1571543	0,7230489	0,7172818	1,0013931	0,5541678	0,0709793	0,2994614	0,4641969	0,0043294	0,6112610	0,4479103	0,3064900	0,0390718	0,4724347	0,7596862	1,0210234	0,3032498	0,6741583	0,1462510	0,8201112	0,1229153	0,2126076	0,3861153	0,0505642	1,0025694	0,3477908	0,3829451	0,8899963	0,2024379	0,6854291	0,2360787	0,8902779	0,3970235	0,1830237	0,4878717	0,6173832	0,9252184	0,6579084	1,0335334	0,7334856	0,3490867
740	0,5599018	0,5942632	0,4823087	0,4801096	0,6807606	0,7331222	0,5111288	0,6576610	0,4985126	0,5804542	0,1972514	0,5093551	0,6499596	0,2189653	0,7028860	0,7347958	0,5479162	0,7809428	0,0058097	0,0080557	0,2460696	0,4085347	0,0387202	0,1712050	0,7501352	0,7890278	0,9930866	0,4705041	0,0972267	0,3166142	0,4023789	0,0012337	0,6341664	0,4144569	0,3139716	0,0447454	0,4646947	0,8350320	0,9996140	0,3143247	0,7015990	0,1656143	0,8068665	0,1167910	0,1956812	0,4087604	0,0754245	1,0145041	0,3418643	0,4367438	0,9151876	0,1900970	0,6586915	0,1971669	0,9233644	0,3688665	0,1813669	0,4527067	0,6644563	0,9778265	0,6101491	1,0619176	0,7908207	0,3353642
760	0,5905625	0,5830346	0,4501313	0,5238244	0,6573706	0,7618546	0,4632521	0,6338835	0,5422589	0,5814518	0,1683386	0,5022983	0,6335810	0,2294815	0,6985341	0,7451026	0,5548926	0,7952039	0,0069568	0,0069674	0,2548970	0,4068352	0,0548830	0,1673679	0,8058479	0,7722005	0,9678518	0,4732133	0,0855989	0,2776511	0,4186647	0,0011182	0,6389422	0,4368406	0,3448034	0,0457649	0,5274477	0,8529482	0,9928590	0,2965487	0,6900174	0,1576800	0,8231417	0,1017322	0,2042926	0,3949663	0,0850627	0,9737359	0,3068649	0,4627485	0,8618597	0,1957774	0,6167910	0,1999606	0,9150127	0,3463402	0,2201938	0,4407524	0,6529168	0,9824194	0,5589907	0,9855537	0,8051402	0,3554304
780	0,5782431	0,5673782	0,5128822	0,4731098	0,7238352	0,6902723	0,4334326	0,6703711	0,4519273	0,5586231	0,1397733	0,5112227	0,6282373	0,2644088	0,7620692	0,7749502	0,5854018	0,7981933	0,0045551	0,0065784	0,2589670	0,4266101	0,0641003	0,1455760	0,7863178	0,7807668	0,9672127	0,4930603	0,1089018	0,2843788	0,4150652	0,0020361	0,6205739	0,4477665	0,2815051	0,0294957	0,5242246	0,7581682	0,9999273	0,3148093	0,7124285	0,1640204	0,8291998	0,1043612	0,2251138	0,4169871	0,0649334	0,8941313	0,3464491	0,4824356	0,8920404	0,1973659	0,7083308	0,2187865	0,9268093	0,3275505	0,2062705	0,3952226	0,6359937	1,0383507	0,5347379	0,8769276	0,8300271	0,3647572
800	0,6074216	0,5821261	0,4932220	0,4206519	0,7333768	0,6778778	0,4792009	0,7421362	0,4524208	0,4823036	0,1743960	0,4827767	0,6711403	0,2959747	0,7060178	0,8204931	0,5808290	0,8134651	0,0035324	0,0059427	0,2303559	0,3949239	0,0498259	0,1711725	0,7478058	0,8000408	0,9329855	0,5023026	0,1334069	0,3032988	0,4167940	0,0044906	0,5816947	0,4193921	0,3132888	0,0224300	0,5377460	0,7006618	1,0119770	0,2744333	0,7304979	0,1547707	0,9174283	0,1245073	0,1680578	0,4153342	0,0750713	0,9853448	0,3310094	0,4638402	0,9442359	0,2128910	0,7535905	0,2224869	0,8916669	0,3467432	0,1985137	0,4630271	0,6243044	1,0187025	0,5696021	0,8841326	0,9340900	0,4075674
820	0,6731371	0,5946227	0,5027595	0,4207296	0,7551748	0,6912703	0,4624489	0,7891345	0,4495065	0,4425520	0,2214780	0,5369622	0,6844638	0,2939682	0,6951246	0,8756429	0,5874248	0,7985944	0,0031145	0,0011492	0,1772032	0,4071271	0,0619150	0,1484881	0,7982380	0,7679806	0,9661936	0,5018656	0,1308457	0,2897932	0,4633388	0,0032819	0,5984463	0,3837953	0,3029013	0,0232467	0,5251324	0,6514666	0,9829358	0,2607844	0,6985009	0,1814851	0,9315505	0,1137737	0,1807876	0,4182786	0,0693437	0,9346548	0,3032835	0,4676301	0,8744127	0,1884968	0,7023396	0,2175803	0,9067964	0,3921188	0,1894214	0,4714010	0,6350378	1,0350968	0,5745964	0,9167964	0,8308217	0,4093432
840	0,6697549	0,6387828	0,5321143	0,3628102	0,7810742	0,7174916	0,4512081	0,8427265	0,5180422	0,3926752	0,2397261	0,4859989	0,6807397	0,2967063	0,7140635	0,7834820	0,5708720	0,7509700	0,0072233	0,0008349	0,2017970	0,4098107	0,0518211	0,1288524	0,7706298	0,7997951	0,9499263	0,4662134	0,1196570	0,3013029	0,4336204	0,0087872	0,6022051	0,4489866	0,3157985	0,0334460	0,4481190	0,6876497	0,9482018	0,2311779	0,7255733	0,1828393	0,9694460	0,1705914	0,2006690	0,5039573	0,0657473	0,9481953	0,3076617	0,4877271	0,8633062	0,1564093	0,7306766	0,1973094	0,8976714	0,3143819	0,1543154	0,4375208	0,6514991	1,0457948	0,6024593	0,9916074	0,7467163	0,3423230
860	0,6461118	0,6391460	0,5062707	0,3462125	0,8458698	0,7309843	0,4952368	0,7869245	0,5239539	0,4052291	0,2374516	0,5245793	0,6307136	0,2622554	0,6838808	0,7925026	0,5580321	0,7206787	0,0102256	0,0033798	0,2248652	0,4102572	0,0682428	0,1751030	0,8490363	0,8429280	0,9059247	0,4561939	0,1034802	0,3202889	0,4386661	0,0073038	0,5780429	0,4492377	0,3046900	0,0304829	0,4996388	0,7041133	1,0240156	0,2905527	0,7506007	0,2072506	1,0048656	0,1649349	0,2401071	0,5073714	0,0926120	0,8860577	0,3551522	0,5442064	0,8514349	0,1864487	0,7179049	0,2684545	0,9007884	0,2538767	0,2021606	0,5117199	0,6105824	0,9880883	0,5678081	1,0071582	0,7530426	0,3702480
880	0,6898296	0,6418142	0,5429534	0,3316275	0,8142000	0,7764873	0,5308734	0,8291073	0,5584571	0,3586643	0,2212285	0,5438110	0,5558684	0,2691566	0,7295201	0,8028097	0,5976772	0,7103488	0,0081638	0,0012575	0,2394154	0,4092212	0,0654005	0,1763656	0,8404856	0,7560488	0,9645379	0,4906266	0,1097836	0,3479431	0,4538864	0,0042368	0,6176841	0,4458875	0,3519746	0,0298446	0,5349875	0,7209635	1,0310931	0,3760647	0,7570881	0,2153996	0,9798286	0,1785245	0,2384692	0,4916103	0,1069399	0,8743160	0,3816239	0,5426741	0,9245317	0,1863641	0,7024084	0,3096557	0,9360316	0,2397874	0,2074671	0,5071661	0,6313721	0,9741643	0,5725304	0,9193336	0,7044383	0,4292760
900	0,6668013	0,6643116	0,6030914	0,3646792	0,7532080	0,7327769	0,5424812	0,8031554	0,5297401	0,3490987	0,1972044	0,5658969	0,6210256	0,2840911	0,6790396	0,8281658	0,6240509	0,7166746	0,0076660	0,0048437	0,2335501	0,3977188	0,0750269	0,1635795	0,8021891	0,7855636	0,9354590	0,4446748	0,1160822	0,3388900	0,4273601	0,0009172	0,6343087	0,4177535	0,3889420	0,0269051	0,5117241	0,7463404	0,9696756	0,3935099	0,7543633	0,2355043	0,9674999	0,1738422	0,2255798	0,4983506	0,1056322	0,9046251	0,3997767	0,5284629	0,8761914	0,1893838	0,8092200	0,3451383	0,9063362	0,2219708	0,2335715	0,5336641	0,6652595	0,9410112	0,5475410	0,8776347	0,6900472	0,4211520
920	0,6651922	0,6436297	0,5540957	0,3257492	0,7696928	0,6832505	0,4612337	0,8083415	0,5062964	0,3199455	0,2083256	0,5625406	0,6480483	0,2644530	0,6860429	0,7920629	0,6074765	0,8091194	0,0049816	0,0038270	0,2218244	0,4002250	0,0635725	0,1674970	0,7357173	0,8143405	0,9788937	0,4815718	0,0962004	0,3123148	0,4085192	0,0056874	0,6112032	0,3983585	0,3787072	0,0222925	0,4984421	0,7455382	0,8911765	0,4243579	0,8055892	0,2078952	0,9712372	0,1511341	0,2246463	0,5360901	0,1077639	0,9678166	0,4047077	0,5668371	0,9267253	0,2232604	0,7490573	0,3894225	0,8942694	0,2352720	0,2469026	0,5514290	0,7386276	0,9550487	0,5205482	0,8267630	0,6941822	0,4840865
940	0,6872301	0,6702707	0,5700145	0,3786338	0,8350377	0,7230355	0,4988115	0,7303030	0,4989545	0,3325016	0,1850530	0,5837697	0,5810106	0,2756182	0,7023238	0,8538900	0,6574761	0,8497660	0,0054114	0,0013221	0,2484645	0,3561993	0,0562312	0,1367592	0,7220462	0,7867393	0,9279910	0,4841044	0,1062869	0,3704084	0,4235509	0,0021173	0,5689880	0,3951961	0,3769406	0,0409934	0,5129993	0,7801515	0,9208895	0,3912512	0,7560713	0,2251216	0,9858133	0,1330643	0,1987862	0,4904343	0,1156150	1,0114254	0,4178790	0,5528663	0,9531257	0,2142409	0,7647919	0,4616015	0,8936446	0,2768300	0,2637116	0,5870404	0,6487589	0,9844759	0,4952912	0,8393461	0,6848023	0,4306596
960	0,6467247	0,6683158	0,5396026	0,3904538	0,8025966	0,6162718	0,4973893	0,7273729	0,4413201	0,3412555	0,1722418	0,5441762	0,6212216	0,3058957	0,7334408	0,7810191	0,6355988	0,8275172	0,0077168	0,0011088	0,2780467	0,3654829	0,0739188	0,1684651	0,7618148	0,7237471	0,9098957	0,5362465	0,0860773	0,3831436	0,3845958	0,0023271	0,5740447	0,4049535	0,3858357	0,0460874	0,4699314	0,7404852	0,8867175	0,4085870	0,7837314	0,2043003	0,9227144	0,1667009	0,2002595	0,5045651	0,1348484	1,0562601	0,4254922	0,5921400	0,9183826	0,2036131	0,7096737	0,4488635	0,8840649	0,2825409	0,2529715	0,5278261	0,6008232	0,9115324	0,5095243	0,8303864	0,6601988	0,4455560
980	0,6463917	0,6767829	0,5098838	0,4395552	0,7373594	0,6700029	0,5509852	0,6947720	0,4353438	0,3982931	0,1903953	0,4881351	0,5614645	0,2715555	0,6951488	0,7815991	0,6255913	0,7779442	0,0041486	0,0077100	0,2734491	0,3296159	0,0715824	0,1797207	0,7545803	0,7367521	0,8948308	0,5061129	0,0873931	0,3410174	0,3770938	0,0015049	0,5714396	0,4127551	0,4086368	0,0548870	0,4763167	0,8261733	0,8935350	0,3847334	0,7846738	0,2142633	0,9387653	0,1834123	0,2070539	0,5877602	0,1145904	1,0126761	0,3984667	0,5427078	0,9518462	0,1534783	0,7011913	0,4235665	0,8518079	0,2359158	0,2657654	0,4783233	0,5630465	0,9204114	0,4989821	0,7839640	0,6545491	0,3904290
1000	0,6075572	0,6360960	0,5315972	0,4876914	0,7496896	0,6298187	0,5103908	0,6731375	0,5381101	0,4549949	0,1857021	0,5288783	0,5793336	0,2383135	0,6967596	0,8301753	0,6333930	0,7833446	0,0047907	0,0048305	0,2201338	0,3334250	0,0758248	0,1676641	0,7529232	0,7965499	0,8876372	0,4651147	0,1118454	0,3181239	0,4042228	0,0009074	0,6102152	0,4186211	0,3828403	0,0520906	0,5615967	0,7967309	0,9285456	0,3489935	0,7705077	0,1941225	0,9748704	0,1926952	0,1999019	0,5353478	0,1168557	0,9286505	0,3943569	0,5551591	0,8951938	0,1861329	0,7215718	0,3519205	0,8389813	0,2901115	0,2336252	0,4818927	0,5167941	0,9019440	0,4944107	0,7648399	0,7188811	0,4192914
1020	0,6167231	0,6381872	0,5683219	0,5010440	0,7837677	0,6920192	0,5379620	0,7081015	0,5422679	0,4678198	0,1837721	0,5682329	0,6121219	0,2189776	0,7377790	0,7852550	0,5543795	0,8401523	0,0067331	0,0023591	0,2063421	0,3530554	0,0735121	0,1765517	0,7236126	0,7822550	0,9006799	0,4911162	0,1078282	0,3472448	0,3868070	0,0013846	0,5959263	0,4149507	0,3982388	0,0427879	0,5504722	0,7585657	0,9040422	0,3073030	0,7386373	0,2159736	0,9640831	0,2180604	0,2097825	0,5714098	0,1123762	0,9396804	0,4117599	0,5854679	0,9129093	0,1924084	0,7209051	0,3069916	0,8958405	0,2748523	0,2292314	0,4828776	0,5641933	0,9096181	0,5031021	0,8080962	0,7589071	0,3390042
1040	0,6145941	0,6160345	0,4621142	0,4296402	0,8126698	0,6138166	0,5190273	0,7093729	0,5315163	0,4870241	0,1786322	0,5094377	0,6542424	0,2626775	0,6554887	0,7303481	0,5842669	0,8762787	0,0030662	0,0003992	0,1708126	0,3377726	0,0698270	0,1958528	0,7467145	0,8085656	0,8715022	0,4839077	0,0803379	0,2696848	0,3794350	0,0028087	0,5876888	0,4026473	0,4031315	0,0411307	0,5173095	0,6471440	0,9575388	0,2395284	0,7363996	0,2152936	0,9562228	0,1759595	0,1931339	0,6040854	0,1217961	1,0143992	0,4065042	0,5859396	0,9164374	0,2210876	0,6960427	0,3209315	0,9469096	0,2859213	0,2433187	0,5178023	0,6023571	0,9406437	0,5631867	0,7981133	0,7652110	0,3617936
1060	0,6020559	0,6009225	0,5459356	0,4029010	0,7854179	0,6603779	0,4407033	0,7122220	0,5464096	0,4687308	0,1779156	0,5168300	0,6767420	0,2589869	0,7580864	0,7809733	0,5939240	0,7563268	0,0046595	0,0000000	0,1646171	0,3556498	0,0790322	0,1968144	0,7500172	0,8137655	0,8884957	0,4240466	0,1040443	0,2501707	0,3977067	0,0029429	0,5683483	0,4287941	0,3640587	0,0292439	0,5660437	0,5943958	1,0328183	0,2782607	0,7901923	0,2168081	1,0056432	0,2089489	0,1843186	0,5914364	0,1022831	1,0490689	0,3663687	0,5726480	0,8685848	0,1925067	0,8146459	0,3361970	0,9610804	0,3262905	0,2501646	0,4706444	0,6937760	0,9644846	0,5890932	0,8115906	0,7554059	0,3460295
1080	0,5955653	0,6288203	0,5819484	0,3810380	0,8217217	0,7021004	0,3878458	0,6742300	0,5538063	0,4240854	0,1885000	0,5608150	0,6053931	0,2598417	0,7359705	0,8573416	0,5819841	0,7584887	0,0082764	0,0047363	0,1620957	0,3601070	0,0889325	0,2251886	0,8239593	0,8165352	0,9050855	0,3791553	0,1120040	0,2685933	0,4004126	0,0040033	0,6055628	0,4384944	0,3314144	0,0464984	0,5443371	0,6054923	1,0040437	0,2793107	0,7879895	0,1944946	1,0025824	0,1923932	0,2175435	0,5635093	0,0798075	1,0106947	0,3488118	0,5560451	0,9375461	0,1896273	0,7608531	0,3502476	0,9221825	0,3240780	0,2638360	0,4968767	0,6896212	0,9644544	0,5954883	0,8232467	0,6842715	0,3825644
1100	0,5694025	0,5990044	0,5357475	0,3796884	0,8255924	0,6789587	0,4380460	0,7322383	0,5103797	0,4510607	0,1884519	0,5360527	0,6482767	0,2390237	0,7535391	0,8147317	0,5777085	0,7547372	0,0088407	0,0064755	0,2050235	0,3591986	0,0690911	0,2401633	0,8267141	0,7397752	0,8951179	0,4575701	0,1038958	0,3127269	0,4231510	0,0063930	0,5962692	0,4223542	0,3326143	0,0393230	0,5206716	0,6804426	0,9834507	0,2819433	0,6899998	0,1995261	0,9843044	0,1768550	0,2135870	0,6057375	0,1023099	0,9557965	0,4018577	0,5760532	0,8516256	0,1694827	0,7060705	0,3363033	0,9557532	0,2763303	0,2572340	0,5518705	0,6661873	1,0039306	0,5992488	0,8713113	0,6791906	0,3265325

0	0,5395862	0,6767542	0,5439019	0,5091957	0,8312002	0,6706050	0,4418857	0,6624448	0,4522177	0,5596729	0,1998400	0,5221288	0,6180368	0,3324114	0,7490338	0,7839795	0,5346745	0,7404448	0,0157864	0,0017709	0,2085649	0,2835339	0,0761841	0,1848712	0,7618372	0,7731345	0,9429673	0,4210163	0,0798527	0,2546479	0,4328205	0,0005026	0,5941943	0,4544619	0,3352314	0,0451189	0,5561952	0,7068761	1,0445583	0,2919150	0,7761423	0,1838384	0,9700039	0,1743543	0,2309267	0,5267793	0,0972665	1,0675199	0,4866894	0,6314319	0,9584337	0,1883482	0,7688648	0,2619535	0,9995399	0,2473337	0,2486138	0,4922794	0,6156741	0,9693634	0,5191243	0,8604995	0,7977280	0,3812659
20	0,5463730	0,5698470	0,6151788	0,5325827	0,8139301	0,7263071	0,4456809	0,6900763	0,5267822	0,5358903	0,1883560	0,4833448	0,6085108	0,2731602	0,7286249	0,8350655	0,4751251	0,8545002	0,0358238	0,0081812	0,1609159	0,3692169	0,0888985	0,1651158	0,6947408	0,7746374	0,9358947	0,4525973	0,0904285	0,3405549	0,3889408	0,0015708	0,5896813	0,4087172	0,3479228	0,0353564	0,5706605	0,6626263	1,1128613	0,3141303	0,7567776	0,1973372	0,9835716	0,2403679	0,2600371	0,5215721	0,1152324	1,0202435	0,3610216	0,5606323	0,8789643	0,1975231	0,7437121	0,2768896	0,9503457	0,2439369	0,2559669	0,5141594	0,5919135	0,8720193	0,4984617	0,8652365	0,7254177	0,3532666
40	0,4927505	0,5635476	0,6177888	0,5754013	0,7864763	0,6835630	0,4407696	0,7884315	0,5180539	0,4735547	0,1732886	0,5318416	0,6574875	0,2632587	0,7046706	0,8064862	0,4240864	0,9152335	0,0822961	0,0045027	0,1492432	0,3658216	0,0987674	0,1639526	0,6337629	0,8136300	0,9040770	0,4446108	0,0761649	0,3125868	0,4102083	0,0071319	0,6152086	0,3802000	0,3804400	0,0415078	0,6727078	0,6713427	1,0537496	0,2850184	0,7716983	0,1853560	1,0126498	0,2379950	0,3581409	0,5650420	0,1069385	1,0462676	0,3639354	0,5560245	0,8471080	0,2218243	0,7596465	0,3154292	0,9179596	0,2930001	0,2781975	0,4825937	0,5968531	0,7792601	0,5141097	0,9536621	0,8090581	0,3582277
60	0,4479392	0,6283474	0,5857902	0,5698157	0,7809761	0,6638876	0,4542700	0,7769500	0,5809287	0,4741124	0,1844899	0,5469899	0,6418772	0,2576510	0,6709188	0,7781614	0,3743546	0,9705537	0,1111970	0,0044548	0,1379769	0,3649572	0,0579901	0,1657921	0,5581319	0,8335497	0,9919811	0,4540451	0,0686544	0,2615740	0,4442858	0,0015633	0,5972357	0,4080325	0,3350193	0,0516145	0,7828687	0,7003799	1,0955809	0,3049751	0,8409468	0,1887962	0,9008019	0,2589727	0,3956987	0,5440000	0,0717934	0,9584587	0,4369766	0,5420290	0,8784099	0,2493593	0,7076559	0,3571950	0,9286420	0,2850980	0,2643919	0,5410805	0,6249742	0,7610939	0,5381718	0,9158948	0,8568385	0,4534070
80	0,4178435	0,6064744	0,5288335	0,5608790	0,7445677	0,6979437	0,4612972	0,7672703	0,5414382	0,4572888	0,1766738	0,5638553	0,6290744	0,2771702	0,6243198	0,7643879	0,3729078	0,9722356	0,1187100	0,0043721	0,1213153	0,3618684	0,0558391	0,1741567	0,5587082	0,8272068	0,9570298	0,4465864	0,0680356	0,2744259	0,4361733	0,0037571	0,6284963	0,3864300	0,3443223	0,0557719	0,7464227	0,6849324	1,0506993	0,2902156	0,8506329	0,1755264	0,9722935	0,2519149	0,4235582	0,4828566	0,0920713	0,9738566	0,4332050	0,5172753	0,9224868	0,2499521	0,6913773	0,4056796	0,9684852	0,3609020	0,2665925	0,5546674	0,6097404	0,7465120	0,5639903	0,9209898	0,9057882	0,4197254
100	0,4292913	0,5500132	0,5139233	0,6487338	0,7231997	0,6166376	0,4532894	0,6897014	0,5001146	0,4882657	0,1557824	0,5590617	0,6675641	0,2712966	0,6529588	0,7721575	0,4104170	1,0167344	0,1083716	0,0050507	0,1310885	0,3623950	0,0566531	0,1804283	0,5155780	0,8255422	0,8930108	0,4412591	0,0511065	0,3102263	0,3911579	0,0039439	0,6880082	0,3913420	0,3447886	0,0463142	0,7341941	0,6765557	1,0383827	0,2292541	0,8023855	0,1672388	1,0108979	0,2608667	0,4326543	0,4948722	0,0695112	0,9497651	0,4508032	0,4929347	0,9645267	0,2824229	0,6760474	0,4257258	0,9090740	0,3850482	0,2843024	0,5658777	0,5742908	0,7280841	0,6248503	0,9260267	1,0330139	0,3535556
120	0,3843565	0,5208024	0,5284293	0,5875887	0,6923476	0,6564915	0,4390580	0,7252799	0,5023110	0,4788549	0,1490991	0,5733938	0,6206387	0,2702011	0,7102142	0,8722626	0,3849300	1,0931031	0,1127889	0,0026340	0,1359592	0,3905715	0,0712352	0,1487660	0,5061257	0,8439641	0,9631128	0,4153242	0,0461896	0,2669363	0,4458882	0,0008265	0,6562366	0,3987861	0,3346560	0,0468912	0,6510799	0,7307291	1,0466516	0,2580574	0,7424617	0,1814482	1,0217146	0,2847058	0,4531223	0,5645236	0,0608954	1,0427739	0,4479582	0,5091006	0,9450673	0,3029062	0,7164101	0,3926898	0,9208823	0,3634342	0,2609257	0,5542486	0,5630944	0,7032776	0,6031888	0,9217938	0,9405681	0,3483043
140	0,4247932	0,5505455	0,5912593	0,5537632	0,7386733	0,6413871	0,4469387	0,7702325	0,5779761	0,4676279	0,1480130	0,6196228	0,6680373	0,2838701	0,7581233	0,8610617	0,3437080	1,0503049	0,1017375	0,0012197	0,1167472	0,3178656	0,1003958	0,1637218	0,5883793	0,8703377	0,9454722	0,4375923	0,0704528	0,2420122	0,4527238	0,0036844	0,6597965	0,4263446	0,3317676	0,0445479	0,6352084	0,6775117	0,9963459	0,2904079	0,7978088	0,1924856	1,0318512	0,2763444	0,4381452	0,6290768	0,0358249	0,9349431	0,4576412	0,4993952	0,9639097	0,2946951	0,7179706	0,3710479	0,9835772	0,3757245	0,2562359	0,5073679	0,5882101	0,6873274	0,6606275	0,9734780	0,9760377	0,3578936
160	0,4267701	0,5745805	0,6221518	0,4848589	0,7707589	0,7081202	0,4341094	0,7981683	0,5767007	0,4257036	0,1343750	0,6249093	0,6364082	0,2806594	0,7891716	0,8226265	0,3122412	1,0402003	0,1323429	0,0000000	0,1280214	0,3299478	0,1076390	0,1514920	0,5925572	0,8345810	0,9669179	0,4400141	0,0687741	0,2385552	0,4380323	0,0029840	0,6401757	0,4326976	0,3423614	0,0482459	0,6889163	0,6752421	0,9618974	0,2730572	0,7905153	0,1666146	1,0808971	0,2163946	0,4589718	0,6289800	0,0450231	0,9780105	0,5454117	0,4319711	0,9708932	0,3005035	0,7247539	0,3615523	1,0228039	0,3671641	0,2605138	0,4952382	0,6107260	0,6908086	0,7061097	0,9823104	1,0371869	0,4121035
180	0,3610759	0,6036293	0,5712441	0,4648719	0,7797220	0,7086400	0,4224513	0,7857722	0,5752675	0,3946978	0,1506453	0,5949088	0,6236836	0,3080294	0,7137748	0,8265267	0,3183548	1,0334543	0,1443929	0,0010262	0,1052569	0,3718489	0,1036330	0,1577565	0,5528313	0,8087480	0,9477150	0,4138834	0,0680101	0,2629604	0,4521879	0,0005824	0,5925204	0,4673308	0,3441158	0,0430048	0,7444117	0,6936994	1,0273201	0,2263818	0,7611320	0,1778562	1,0428773	0,2161870	0,4663210	0,5620595	0,0607539	1,0200888	0,5170572	0,4793727	1,0128718	0,3108840	0,6876802	0,3838889	1,0248459	0,4088276	0,2766259	0,4951025	0,6300201	0,7759269	0,7360721	0,9719768	0,9097645	0,4296826
200	0,3624996	0,6486694	0,5331931	0,5210537	0,8098648	0,6592691	0,4417365	0,7192057	0,5773131	0,4155890	0,1828999	0,5896288	0,6579340	0,2674573	0,7391957	0,7954338	0,3033931	0,9695977	0,1552449	0,0025099	0,1441751	0,4140770	0,1025254	0,1486903	0,5724987	0,8525629	0,9731519	0,4028183	0,0691878	0,2514327	0,4410279	0,0013143	0,5723154	0,4771246	0,3585235	0,0248124	0,7750502	0,6678587	0,9949301	0,2077503	0,7882642	0,1953724	0,9598364	0,2307505	0,4754016	0,5607204	0,0731440	1,0336588	0,5395458	0,4980177	1,0571695	0,3577576	0,7310523	0,4066844	1,0423922	0,3844957	0,2902427	0,5542698	0,5668631	0,7923706	0,7934406	0,9926956	0,8122103	0,4097873
220	0,3681113	0,6942343	0,4734482	0,6158935	0,7973557	0,7053010	0,4478886	0,7581217	0,5321579	0,4418189	0,1814656	0,5569183	0,6657577	0,2551335	0,7349577	0,7751320	0,3102073	0,9210020	0,1550703	0,0012332	0,1448509	0,4097187	0,0847030	0,1987939	0,5607368	0,9110313	0,9519866	0,3926287	0,0735341	0,2435466	0,4807307	0,0010167	0,5901041	0,4267098	0,3791854	0,0331685	0,7186547	0,5980606	0,9642291	0,1960736	0,7541337	0,2033872	0,9394500	0,2794888	0,4761115	0,6154928	0,0716094	1,0899305	0,5388327	0,4894439	1,0333121	0,4116962	0,7320122	0,3589988	0,9807054	0,3926581	0,2792581	0,5264469	0,5698626	0,7614276	0,7563119	0,9223452	0,8496363	0,4038211
240	0,3586538	0,6218561	0,4516447	0,6464793	0,8453805	0,6563482	0,4143191	0,7535849	0,5013925	0,5225780	0,1752870	0,5263230	0,6482748	0,2887374	0,7576710	0,7850925	0,3086087	0,9749229	0,1218407	0,0061238	0,1634190	0,3878433	0,0642565	0,1854300	0,5551794	0,9514226	0,9026498	0,3545948	0,0675334	0,2422486	0,4643184	0,0013174	0,5839661	0,4338603	0,3315800	0,0339565	0,6579243	0,6457401	0,9881089	0,1963102	0,7795175	0,2183869	0,9546314	0,2260897	0,4206424	0,6041574	0,0788040	0,9978672	0,5132976	0,5082540	1,0096165	0,4268450	0,7504446	0,3275694	1,0844346	0,3784379	0,2682343	0,5435455	0,5447078	0,7493069	0,7547743	0,8919152	1,0168519	0,3889271
260	0,3358799	0,6492585	0,5606022	0,6388749	0,8046767	0,6485772	0,4185162	0,7166128	0,4663252	0,5185759	0,1921914	0,5412236	0,5753287	0,2822893	0,7043423	0,7672525	0,2832932	1,0370992	0,1271937	0,0006831	0,1618131	0,3625216	0,0759196	0,2012770	0,5697030	0,9802417	0,9886602	0,3281816	0,0892772	0,2224421	0,4468794	0,0022681	0,6069289	0,3439676	0,3185073	0,0370352	0,6586791	0,6048600	1,0553332	0,2132475	0,7663772	0,2104106	0,9222666	0,2285090	0,4220098	0,5436747	0,0779884	0,9914016	0,4980916	0,4664369	1,0236556	0,4354752	0,7562923	0,2815331	1,0810058	0,3330888	0,2572910	0,4748087	0,6136136	0,7051541	0,6934113	0,9507118	0,8963198	0,3587608
280	0,3502268	0,6755917	0,5615067	0,6354984	0,7650623	0,7182339	0,4807042	0,7249489	0,5370602	0,4872083	0,2121039	0,4766851	0,6100410	0,2926895	0,6483363	0,8634211	0,3190788	0,9636642	0,1198670	0,0051139	0,1437494	0,3590181	0,0630547	0,1636453	0,5594196	0,9700906	1,0018495	0,2905963	0,0860101	0,2176841	0,4464552	0,0015656	0,5982238	0,3480673	0,3614284	0,0356007	0,7424235	0,6220617	0,9836009	0,1948177	0,8062758	0,2099806	0,9393368	0,2959978	0,4183578	0,5311239	0,0636388	0,9714958	0,4962467	0,5219629	0,9460148	0,4127924	0,7315859	0,3081369	1,1005626	0,3275712	0,2264147	0,4813474	0,5957355	0,6672673	0,6446944	1,0051056	0,9152634	0,4098074
300	0,3184405	0,6264742	0,5200173	0,5851677	0,8347334	0,6133811	0,4893191	0,6770405	0,5217876	0,5356985	0,2137651	0,5068413	0,5822821	0,3023358	0,6845896	0,8371576	0,3474884	0,9734513	0,1197282	0,0017796	0,1820849	0,3544266	0,0829784	0,1254567	0,5411371	0,9925879	1,0195323	0,3055572	0,0782454	0,2538594	0,4831698	0,0016511	0,6185518	0,3523200	0,3815672	0,0359291	0,7497070	0,6280821	1,0370927	0,2169326	0,7814056	0,1971309	0,9304956	0,2883100	0,4554665	0,5415049	0,0604181	1,0323236	0,5441986	0,5466600	0,8943064	0,4431984	0,7061028	0,2822830	1,0089455	0,3890508	0,1991068	0,4394224	0,6033996	0,6912845	0,6949836	0,9410465	0,9480501	0,4419847
320	0,3286200	0,5964239	0,5224058	0,6332641	0,8576427	0,5875902	0,4760023	0,6853073	0,5448437	0,5426776	0,2040779	0,5389284	0,5951931	0,2591807	0,7074833	0,8305426	0,3580781	0,9383864	0,1261033	0,0023746	0,2019446	0,3610364	0,0677175	0,1324513	0,5280284	1,0156662	1,0237479	0,3369786	0,0712394	0,2677940	0,4378026	0,0038736	0,6107273	0,3580304	0,3837121	0,0470050	0,7045540	0,6585126	1,0669608	0,2624864	0,7183890	0,2024781	0,9821120	0,3047863	0,4270492	0,5728085	0,0833527	1,0050026	0,5714854	0,5490460	0,8528837	0,4280185	0,7751623	0,2645591	1,0158397	0,4243073	0,1926007	0,4814566	0,6092848	0,7450798	0,7187373	0,9433376	0,9648593	0,3339627
340	0,3366911	0,6142217	0,5732876	0,6141393	0,8898559	0,5887492	0,4546697	0,6351107	0,5334361	0,5357312	0,1769643	0,5367996	0,6444625	0,2287605	0,7576394	0,7369955	0,3656169	0,8698110	0,0961919	0,0020596	0,2242027	0,3296883	0,0786184	0,1512775	0,5489356	0,9612696	1,0347559	0,3749677	0,0702961	0,2774734	0,4406090	0,0030163	0,5652962	0,3552912	0,3883224	0,0486054	0,6647572	0,6827184	1,0796159	0,2676955	0,8141152	0,1780059	0,9581738	0,2639088	0,4315832	0,6018655	0,1267346	1,0102441	0,5243563	0,5766630	0,8419574	0,4351302	0,7341830	0,2749000	1,0537936	0,4080965	0,2343281	0,4846732	0,5978471	0,7342855	0,7490375	1,0257926	0,9814646	0,3810312
360	0,3588239	0,5996498	0,5734402	0,6169930	0,8822349	0,6203294	0,5035799	0,6611579	0,4733439	0,4894209	0,1750967	0,6106103	0,6103163	0,2294621	0,7191999	0,7832408	0,3297379	0,9020487	0,0965047	0,0005184	0,1847467	0,3437584	0,0698258	0,1572337	0,5486236	0,9183568	0,9836567	0,2893588	0,0759738	0,2281451	0,4090706	0,0044083	0,5525400	0,3705807	0,3610042	0,0425909	0,7550777	0,7048245	1,0295418	0,1890318	0,7815682	0,1637495	0,9379796	0,3008951	0,4610472	0,5811777	0,1099006	1,0508530	0,5636999	0,5964812	0,8837444	0,4467515	0,7980288	0,2695111	1,0535590	0,2990535	0,1934711	0,5045198	0,6343565	0,7032322	0,6779435	1,0280637	0,9403220	0,3505596
380	0,3296299	0,5703996	0,5453699	0,6299680	0,8834818	0,5624969	0,4843205	0,7176269	0,4833024	0,5182213	0,1739696	0,6044006	0,5884846	0,2272388	0,6325768	0,7678032	0,3411197	0,9247269	0,0920698	0,0022972	0,1682868	0,3869288	0,0755467	0,1664912	0,5253728	0,8832896	1,0352019	0,2513298	0,0855091	0,2251227	0,4114568	0,0024915	0,5660621	0,3961802	0,3675290	0,0476721	0,7042202	0,6806264	0,9078858	0,1996137	0,7549896	0,1903060	0,9653060	0,3113502	0,4494464	0,5508792	0,1164211	0,9872177	0,5871331	0,6821841	0,9143306	0,4803687	0,7985216	0,2644702	1,0106102	0,3057122	0,1888450	0,5709115	0,5633408	0,6655223	0,6669364	0,9597650	0,9650663	0,3816275
400	0,3769257	0,5935535	0,5524147	0,5719266	0,8087653	0,5280876	0,4687632	0,6787093	0,5295045	0,5433381	0,1698600	0,5787532	0,5812757	0,2390484	0,5874411	0,7767743	0,2928487	1,0029835	0,0906822	0,0080863	0,1652919	0,3837582	0,0582874	0,1467539	0,4774086	0,8424723	0,9470946	0,2933742	0,1176828	0,2182615	0,4040687	0,0026249	0,5554095	0,4161760	0,4117630	0,0556999	0,7742394	0,6433940	0,9698609	0,2430411	0,7405779	0,1407776	0,9472658	0,3210199	0,4618485	0,5409718	0,1313919	1,0107757	0,5968080	0,7344713	0,9231182	0,4867785	0,7689908	0,2737812	1,0105090	0,2705408	0,2246074	0,5024295	0,5247709	0,6455504	0,6618153	0,9684119	1,0115895	0,3786877
420	0,3525784	0,6124652	0,5820542	0,5992264	0,8421719	0,5272954	0,4935317	0,7007756	0,5542587	0,5738574	0,1893174	0,5347130	0,5745404	0,2885038	0,6936978	0,7782732	0,2765659	0,9767208	0,0913092	0,0006698	0,1782036	0,4026625	0,0947281	0,1660973	0,4978456	0,8044950	0,9459533	0,2630871	0,1051941	0,2346011	0,3982330	0,0037083	0,5926785	0,4269396	0,4088040	0,0440958	0,7577334	0,6621724	0,9512560	0,2218263	0,7757710	0,1710150	1,0756190	0,3564465	0,4431637	0,5597145	0,1561557	1,0181083	0,5930039	0,6891091	0,9597442	0,4944153	0,8096779	0,3141625	0,9421955	0,3001073	0,1949325	0,4853226	0,5237456	0,7105518	0,6105824	0,9023151	1,0391671	0,4076221
440	0,3412802	0,6262854	0,6143732	0,5624078	0,8091954	0,5241569	0,5121672	0,7607047	0,5173322	0,5238798	0,2153761	0,5294820	0,5675272	0,2697809	0,7035444	0,7296218	0,3178378	1,0095120	0,1182948	0,0037341	0,2125509	0,3861020	0,0666272	0,1499969	0,5085878	0,8630963	0,9958436	0,2657134	0,0696571	0,2094431	0,4096779	0,0059681	0,6044836	0,4181783	0,3527054	0,0418184	0,7420112	0,6171414	0,9867472	0,2327891	0,7509128	0,1907089	0,9979533	0,3561974	0,4534564	0,5843890	0,1406512	1,0700676	0,5801067	0,6447986	0,9955578	0,4592630	0,8598990	0,3504160	0,9176002	0,3162414	0,2383726	0,4765866	0,5600195	0,6993051	0,6204696	0,9493864	0,9793875	0,4179249
460	0,3370114	0,6583038	0,5721818	0,5974549	0,8521127	0,5493111	0,4952579	0,7485640	0,5008809	0,5418167	0,2457710	0,5208662	0,6019687	0,2727156	0,7609578	0,7115665	0,3277905	0,9531902	0,1441543	0,0023754	0,1856080	0,3632681	0,0794751	0,1613058	0,5236363	0,8900290	1,0010069	0,2663284	0,0838770	0,2105415	0,3906497	0,0033105	0,5521407	0,3736561	0,3537277	0,0377138	0,7345008	0,6389896	0,9493199	0,2494227	0,7669397	0,1731553	0,9429638	0,3546567	0,4732969	0,6100351	0,1203979	1,0482040	0,5481880	0,6462970	0,9811432	0,4483078	0,7580827	0,3168375	0,8912170	0,3070614	0,2334223	0,4814498	0,6241998	0,7985492	0,6371372	0,9729205	0,9905855	0,3634656
480	0,3248165	0,6333328	0,5105573	0,5876430	0,8650537	0,5570659	0,5267880	0,7312968	0,4917740	0,5625128	0,2143042	0,5623576	0,5358436	0,2616427	0,7551316	0,7818922	0,3355126	1,0171786	0,1207980	0,0039966	0,1746771	0,3321165	0,0798491	0,1669903	0,5748206	0,9277049	0,9484876	0,2887507	0,0833272	0,1569768	0,3577897	0,0043541	0,5824755	0,3798336	0,3545284	0,0357873	0,7396963	0,6158162	1,0448714	0,2236897	0,8108599	0,1774967	0,9271231	0,3461174	0,4642225	0,6062578	0,1235351	1,0226039	0,5678621	0,6889022	0,9633635	0,3960865	0,7860372	0,3386756	0,9371795	0,3401674	0,2589633	0,4617627	0,6221553	0,7359760	0,7230173	1,0499052	1,0181184	0,4171148
500	0,3656880	0,6289560	0,5673911	0,5757353	0,9428604	0,5147333	0,4979452	0,7115321	0,5161596	0,6089824	0,2251315	0,6182703	0,5922283	0,2618099	0,7692862	0,7967945	0,3983026	0,9798148	0,1094896	0,0024606	0,1997283	0,3116800	0,0849941	0,1581863	0,5779989	0,9529865	0,9209704	0,2968345	0,0978352	0,1716212	0,3479215	0,0050312	0,5478241	0,4022779	0,3681359	0,0421042	0,7630752	0,6447988	1,0773321	0,2778206	0,8211911	0,1909669	0,9610045	0,2908863	0,4351138	0,5802488	0,1506236	1,1010739	0,5713900	0,7460680	0,9533328	0,4102775	0,8131723	0,3472606	0,9452645	0,3107309	0,2879935	0,5983085	0,5933687	0,6661480	0,6986282	1,0203054	1,0062972	0,3274350
520	0,3519631	0,6004976	0,5184161	0,6668065	0,8981613	0,5338397	0,4974896	0,7065819	0,5099881	0,5630385	0,2020094	0,5957090	0,5851220	0,2560520	0,7384764	0,8233406	0,4089881	0,8673388	0,1254879	0,0028418	0,2036007	0,2729573	0,0759465	0,1508952	0,5918699	0,9810689	0,9237851	0,2688074	0,0915895	0,1584027	0,4175209	0,0006803	0,5793179	0,3645578	0,3306529	0,0351647	0,7573509	0,6605541	1,0481797	0,2341484	0,7265187	0,1714982	0,9739362	0,2924707	0,4151753	0,5456533	0,1870827	1,0265169	0,5618587	0,7184337	1,0247897	0,4191205	0,8227842	0,3745307	1,0003773	0,2736097	0,2901491	0,6304069	0,5426094	0,6510745	0,7305029	0,8798935	0,9608763	0,4018240
540	0,3519313	0,5852638	0,4791629	0,7254057	0,8918130	0,5405676	0,5050631	0,7052034	0,4774054	0,5662674	0,2044438	0,6035221	0,5528812	0,2575935	0,7408330	0,7914430	0,3557556	0,9147584	0,1544539	0,0063164	0,1960406	0,2797230	0,0658184	0,1674157	0,5775409	0,9394128	0,9606593	0,2460735	0,0991893	0,1700860	0,4184100	0,0017329	0,5574726	0,3692862	0,3862983	0,0307031	0,7815006	0,6523242	0,9860544	0,2363272	0,7594725	0,1714687	0,9549234	0,3240282	0,4379077	0,6017636	0,1889022	1,0366316	0,5481929	0,6834827	0,9562563	0,3509017	0,7780253	0,3873160	0,9976965	0,2774669	0,2726594	0,5815539	0,5463348	0,6486731	0,6642131	0,9156444	0,9372089	0,3694089
560	0,3630263	0,6208361	0,4674190	0,6541240	0,8636875	0,5231610	0,5200869	0,6357123	0,4308764	0,5443735	0,1774142	0,5574007	0,6024023	0,2284710	0,8237417	0,8181301	0,3451300	0,9615079	0,1439655	0,0035709	0,2019277	0,2707402	0,0770233	0,1706088	0,5270438	0,8720307	0,9095423	0,2207116	0,0971435	0,1667365	0,4238173	0,0011766	0,5826630	0,4021926	0,3681093	0,0274061	0,7719324	0,6365452	0,9719852	0,2866949	0,7619252	0,1726825	0,9266179	0,3367557	0,4491507	0,5892205	0,1583585	0,9955668	0,5281176	0,7565925	0,9664530	0,3754997	0,7830762	0,4007277	1,0046879	0,2656925	0,2949742	0,5254835	0,5382098	0,6805330	0,6806301	0,9287344	1,0146372	0,4389342
580	0,4656173	0,5665306	0,4839917	0,5046192	0,8425513	0,5924672	0,4472965	0,6487365	0,5000352	0,5288739	0,1865753	0,5018304	0,6477828	0,2844972	0,7933252	0,8118287	0,5016623	0,9485741	0,0921212	0,0036063	0,1860417	0,2953145	0,0857210	0,1679574	0,5704815	0,8220535	0,8779059	0,2453065	0,0795585	0,1769433	0,4344421	0,0002501	0,5700813	0,3574924	0,3754286	0,0297522	0,6876892	0,6152934	0,9821328	0,2761052	0,7405577	0,1587720	0,9372707	0,2697243	0,3589089	0,5638740	0,1195151	1,0093509	0,5454037	0,7241945	0,9579774	0,3438298	0,7589638	0,3451574	1,0354310	0,2522795	0,2498908	0,5312130	0,6145034	0,7624450	0,6841650	0,9375744	0,9603231	0,3972016
600	0,5114165	0,5883812	0,5209487	0,4061865	0,8494997	0,5312837	0,4667966	0,6857088	0,5518782	0,4525309	0,1712239	0,4948026	0,6487855	0,3145668	0,7829694	0,8178772	0,5698210	0,8636961	0,0485709	0,0007020	0,1732825	0,3075964	0,0972425	0,1473637	0,6917599	0,7920392	0,8923881	0,2169076	0,0653585	0,1275844	0,4763032	0,0004671	0,6066403	0,3718637	0,3625393	0,0400495	0,5664305	0,6867488	0,9962377	0,2951298	0,7254046	0,1666962	0,9469853	0,2629673	0,2685829	0,5831632	0,1459901	1,0212992	0,5474778	0,7412561	0,8703996	0,3175014	0,7352541	0,2954924	0,9199072	0,2422256	0,2414239	0,5236157	0,6375334	0,8581890	0,7364118	0,9089085	0,9461482	0,4396399
620	0,5644356	0,6103767	0,4883222	0,3998818	0,8190805	0,5518030	0,4382636	0,7397199	0,5928918	0,4283228	0,1642321	0,5718759	0,6421897	0,3316258	0,6943471	0,8488556	0,6410501	0,7705608	0,0405293	0,0000000	0,1883643	0,3292570	0,1074686	0,1700325	0,7316884	0,7792499	0,9652529	0,2196191	0,0829712	0,1450026	0,4691959	0,0018891	0,6168039	0,4114084	0,4021093	0,0367974	0,5334785	0,7097384	0,9409409	0,3112627	0,7235865	0,1720519	0,9796271	0,2379330	0,2769039	0,5893350	0,1643441	1,0252612	0,5268388	0,6762397	0,8769484	0,2980060	0,7181234	0,2990253	0,9959817	0,2828627	0,2608363	0,5119409	0,6093210	0,9347732	0,6981280	0,8634833	0,9001164	0,3980339
640	0,6016214	0,6618109	0,5001379	0,3771168	0,8153833	0,5722596	0,3822145	0,7879375	0,6396981	0,3674715	0,1842353	0,5642060	0,6261448	0,3138607	0,7144382	0,8612763	0,6109732	0,7939001	0,0313639	0,0000129	0,1485941	0,3322478	0,0950523	0,1881892	0,7625597	0,7569267	0,9070517	0,2650131	0,0862311	0,1852384	0,4371675	0,0041279	0,6775986	0,4506183	0,3871107	0,0252694	0,4937668	0,6966618	0,9626637	0,2837799	0,7417029	0,1614993	1,0072366	0,2588025	0,2836544	0,5907761	0,1482564	0,9959157	0,5226085	0,6495728	0,9309112	0,2445738	0,7537245	0,3218816	1,0058501	0,2785478	0,2438026	0,4900529	0,6738369	0,9334340	0,6717079	0,8994800	0,9071515	0,4176433
660	0,6073670	0,6186698	0,5615022	0,3836517	0,7999909	0,5589528	0,4087747	0,8248350	0,6110849	0,4008537	0,1867316	0,5762564	0,5913158	0,2765063	0,7086592	0,8128077	0,6034626	0,7302285	0,0197673	0,0113358	0,1599670	0,3617430	0,0998055	0,1727843	0,7409181	0,7398677	0,9615198	0,3257279	0,0702988	0,1999745	0,4254854	0,0073613	0,6634005	0,4350075	0,4339179	0,0272515	0,4623213	0,7042098	0,9248234	0,2527274	0,7475219	0,1945385	1,0862316	0,2300990	0,2595374	0,6415199	0,1669192	1,0328927	0,5008279	0,6053243	0,8948143	0,2161871	0,7547657	0,3385014	0,9479858	0,2867627	0,2501220	0,4916444	0,6830702	0,9284963	0,6682165	0,8859148	0,8285216	0,3776440
680	0,5951208	0,6322499	0,5678994	0,4430610	0,7980275	0,5917628	0,5088475	0,7943728	0,5676390	0,4068409	0,1903705	0,5333451	0,6214455	0,2517598	0,7441170	0,8125895	0,5665641	0,7832290	0,0147140	0,0059523	0,1692731	0,3364814	0,0930791	0,1693866	0,7445259	0,7507781	1,0077232	0,3450619	0,0638447	0,2024947	0,4241979	0,0047153	0,6549029	0,4312169	0,3930672	0,0285225	0,4566803	0,6905801	0,8926467	0,2346411	0,7194580	0,1786666	1,0464953	0,2000776	0,2410584	0,6132862	0,1697983	1,0074287	0,4431824	0,5601831	0,9707768	0,1859534	0,7158823	0,3617472	0,9881208	0,2472407	0,2927400	0,5246916	0,5960347	0,9290671	0,6712532	0,8585438	0,8565856	0,3949879
700	0,5986303	0,5554511	0,5319088	0,4827433	0,7885081	0,5953598	0,5301733	0,7309790	0,5246369	0,3855112	0,1949449	0,5101175	0,6202660	0,2708046	0,7713704	0,7492308	0,4997886	0,7525797	0,0215330	0,0051345	0,1886800	0,3849102	0,0438162	0,1475436	0,7215616	0,6914929	0,9923356	0,3655253	0,0678816	0,2586165	0,4632681	0,0054543	0,6523250	0,4878383	0,3914799	0,0216201	0,4893351	0,6421113	0,9256738	0,2393194	0,7427747	0,1683785	0,9621155	0,2033933	0,2453613	0,6862491	0,1475633	0,9770101	0,4147355	0,5642723	0,9092885	0,1885871	0,8090612	0,3847534	1,0362334	0,2771433	0,3138806	0,5768150	0,6146122	0,8984084	0,6647733	0,8675568	0,7851516	0,4197720
720	0,5823395	0,5993016	0,5307980	0,4262548	0,8272976	0,7153197	0,5404028	0,7986797	0,4860983	0,3420779	0,2257042	0,5058904	0,6114560	0,2759036	0,6915850	0,7626195	0,5285380	0,7388541	0,0096789	0,0000000	0,1897026	0,4010973	0,0510838	0,1469954	0,6835593	0,7562600	0,9894496	0,3931723	0,0748581	0,2596490	0,4343810	0,0003622	0,6041403	0,4548777	0,4026263	0,0397345	0,4997386	0,6512780	1,0471504	0,2752545	0,7152990	0,1632054	0,9366603	0,2243289	0,1989415	0,5929154	0,1519394	0,9687049	0,4243091	0,5799815	0,9326990	0,1998499	0,6986473	0,3838089	0,9376164	0,2810080	0,2760937	0,5273822	0,6182765	0,8755744	0,6218394	0,8258766	0,7390150	0,4088564
740	0,6035342	0,6210577	0,5696701	0,4292074	0,7573975	0,6999481	0,5251608	0,7415376	0,4507629	0,3468203	0,2327759	0,5164625	0,6524127	0,3026022	0,7716024	0,7642857	0,5131373	0,7004194	0,0225122	0,0003725	0,1882518	0,4184965	0,0599071	0,1253929	0,7406250	0,7232872	0,9833268	0,3690685	0,0848803	0,2517145	0,4371441	0,0021137	0,6484445	0,4313938	0,3292248	0,0311336	0,5498736	0,6194697	1,0573923	0,3382675	0,7596739	0,1731806	0,9154660	0,2275183	0,1787989	0,5906489	0,1545433	0,9919565	0,3864392	0,5954624	0,8482375	0,1893896	0,6809294	0,3536833	0,9659781	0,3065339	0,2511336	0,5170319	0,5401191	0,9108868	0,5617751	0,8991313	0,7456286	0,3646971
760	0,6068105	0,5735329	0,5061643	0,4524952	0,7814196	0,6807880	0,5653617	0,7137817	0,4487968	0,3728662	0,2535476	0,4477030	0,6246284	0,2853892	0,7379727	0,7790499	0,5940025	0,6668529	0,0191253	0,0023845	0,2064386	0,3904243	0,0806095	0,1360868	0,7488901	0,7509380	0,9448521	0,3894814	0,0661829	0,2761172	0,4098422	0,0023257	0,6027581	0,4290793	0,3342068	0,0417362	0,4912990	0,6131801	1,0899407	0,3387241	0,7553102	0,1843593	0,9631163	0,1935018	0,1852498	0,5810214	0,1365010	1,0203760	0,3929610	0,6081191	0,8366946	0,2213344	0,7489175	0,3427056	0,9452637	0,3137188	0,2904545	0,5528727	0,5318734	0,9651670	0,5585305	0,9184415	0,7853298	0,3817903
780	0,5809471	0,6013683	0,4638886	0,4672343	0,8323661	0,6962877	0,5499598	0,7208968	0,4291609	0,3700710	0,2262548	0,5465549	0,6440638	0,2876435	0,7679479	0,8054352	0,6002488	0,6786141	0,0088422	0,0013051	0,1781961	0,3615758	0,0771809	0,1307522	0,7608705	0,7321210	0,9082638	0,4199380	0,0803924	0,3058265	0,4084407	0,0051143	0,5684266	0,4127268	0,3615798	0,0384672	0,5026592	0,6214385	1,1007174	0,3483486	0,8122888	0,1582415	1,0101179	0,1798067	0,1783152	0,5669071	0,1327282	1,0514185	0,3928730	0,6041776	0,7982285	0,2267960	0,7528619	0,3217392	0,9365252	0,2770106	0,2889882	0,5058203	0,4648763	0,9561588	0,4785404	0,8885724	0,7447997	0,4202282
800	0,5642066	0,6034908	0,5249677	0,4315086	0,7926434	0,7003282	0,5301587	0,7099328	0,4624823	0,3666204	0,1883470	0,5068279	0,6652366	0,2670053	0,6615948	0,7947936	0,5951136	0,7569218	0,0103287	0,0006543	0,2137461	0,3464359	0,0634891	0,1565389	0,7890268	0,7146017	0,9173139	0,3928037	0,0804993	0,2417477	0,3633678	0,0061682	0,5458993	0,3883795	0,3783849	0,0433919	0,5419591	0,6919733	1,0644540	0,3088084	0,8411132	0,2076081	1,0301362	0,1805176	0,1926447	0,5401977	0,1143174	1,0482707	0,3961139	0,6357857	0,8266418	0,2143140	0,7671549	0,3587526	0,9200099	0,2732273	0,3282448	0,4951715	0,5292677	0,9420096	0,5071974	0,8655439	0,7080468	0,4229408
820	0,5814686	0,6011116	0,4640238	0,4629267	0,8488849	0,6986074	0,5084070	0,6976794	0,4265760	0,3834950	0,1616017	0,5492644	0,6758507	0,2652095	0,6663864	0,8372356	0,5614958	0,8033987	0,0111004	0,0020452	0,2214011	0,3487184	0,0493192	0,1710287	0,7678880	0,7115531	0,8302339	0,4104220	0,0824393	0,2575043	0,3854598	0,0041011	0,5756109	0,4025211	0,3788838	0,0497737	0,5001458	0,6781938	1,0142804	0,3128049	0,8608751	0,1906723	1,0611008	0,1636813	0,1660580	0,5493131	0,0944333	0,9938016	0,4184353	0,5603145	0,9159032	0,2138592	0,6631619	0,3713313	0,8680223	0,2616603	0,3165317	0,5287159	0,5546069	0,9087247	0,4512650	0,7939151	0,7048306	0,4031921
840	0,5372003	0,6046988	0,5390711	0,4386505	0,8204977	0,6375392	0,5123946	0,7060810	0,4670434	0,4504267	0,1650585	0,5546952	0,6330440	0,2625969	0,7114141	0,8545138	0,5076672	0,7546134	0,0132469	0,0056345	0,1919084	0,3501081	0,0573204	0,1802596	0,7507292	0,7444902	0,8848955	0,3977155	0,0842733	0,2617583	0,3551817	0,0060289	0,5959852	0,3778005	0,3986423	0,0455674	0,4949188	0,6848505	1,0004856	0,2707501	0,8114957	0,2128869	1,0243145	0,1410724	0,1774534	0,5361573	0,0840931	0,9636860	0,4056226	0,6158261	0,9345822	0,2096808	0,7600719	0,3530258	0,9124768	0,2561974	0,2858928	0,4961402	0,6259558	0,9467780	0,4606837	0,8428979	0,7318317	0,3602938
860	0,5259561	0,5759733	0,5072162	0,5216616	0,8579344	0,6698023	0,4486533	0,6834923	0,5010874	0,4525336	0,1490913	0,5336989	0,6113314	0,2340708	0,7510399	0,8304576	0,5943337	0,7805469	0,0116161	0,0060213	0,2046030	0,3443237	0,0453140	0,1844965	0,7785620	0,7703796	0,9221546	0,3882419	0,0801903	0,2147087	0,3658061	0,0081423	0,5989538	0,4114474	0,3693323	0,0496940	0,4720923	0,6995931	1,0596583	0,2634118	0,8248607	0,1899358	0,9883976	0,1424273	0,1827347	0,5214539	0,0834653	0,9668544	0,3342769	0,6156908	0,8678545	0,1846860	0,7308561	0,3588022	0,9557295	0,2301384	0,3158328	0,5418889	0,5949500	0,9968435	0,4066391	0,8445508	0,7356069	0,3761622
880	0,5470237	0,5964717	0,5511243	0,4293081	0,7948097	0,6636790	0,4750856	0,6983077	0,5138945	0,4581363	0,1636053	0,5322190	0,5980130	0,3027790	0,7045518	0,7884482	0,6272038	0,7188600	0,0110098	0,0024713	0,1831446	0,3650385	0,0427261	0,1322799	0,7367233	0,7759257	0,8766833	0,3255055	0,0979629	0,2050196	0,3928043	0,0043559	0,6270855	0,3946232	0,3866115	0,0341496	0,4878263	0,6706194	1,1134371	0,2344077	0,8166635	0,1659872	0,9938596	0,1754851	0,1925203	0,5458041	0,0879384	0,9929796	0,3541119	0,6094387	0,9310429	0,1746467	0,7414677	0,3881850	0,9725682	0,2374755	0,3197158	0,5515094	0,6610134	0,9168133	0,3928920	0,8502530	0,7409555	0,3943902
900	0,5489369	0,6460888	0,4952556	0,4418514	0,8102095	0,6825988	0,4585860	0,7311767	0,5294010	0,4539413	0,1617704	0,5697156	0,6442206	0,2681289	0,6464243	0,7837798	0,6538937	0,7525705	0,0123109	0,0026758	0,1724831	0,3559772	0,0709673	0,1552126	0,7195747	0,7419331	0,8651464	0,3682059	0,0941376	0,2166824	0,4002725	0,0029865	0,6025432	0,3134331	0,4226078	0,0342756	0,4875192	0,6999070	1,0195944	0,2436135	0,8090175	0,1593392	0,9635998	0,1741148	0,1983939	0,5120276	0,0811386	0,9601255	0,3722229	0,6176482	0,9710377	0,1623845	0,6940788	0,3672872	0,9019441	0,2305030	0,2978560	0,5520266	0,6625226	0,9993850	0,4049079	0,8364529	0,8126428	0,3503320
920	0,5825308	0,5964541	0,4773125	0,3814200	0,7946340	0,6586923	0,4434185	0,7703402	0,5137657	0,3965991	0,1598769	0,5794525	0,7091616	0,2815251	0,6874829	0,7901938	0,6332276	0,7761694	0,0040452	0,0001927	0,1967053	0,3817726	0,0744236	0,1441453	0,6821212	0,7159472	0,8890374	0,3895588	0,0787805	0,2716482	0,3702687	0,0015955	0,5785042	0,2836158	0,3743761	0,0357556	0,5667158	0,7252684	1,0093120	0,2976898	0,7758034	0,1799823	0,9496964	0,2090960	0,1780787	0,5428350	0,0994863	1,0390200	0,4276606	0,5813150	0,9541906	0,1828934	0,6937478	0,3463547	0,9330314	0,2222272	0,2508582	0,5410353	0,6796712	0,9926977	0,3887175	0,8479122	0,7393903	0,3524044
940	0,6449643	0,5808441	0,5568517	0,3960352	0,8296498	0,6224880	0,4833050	0,7017576	0,5164725	0,3239227	0,1664160	0,5847311	0,6867994	0,2534317	0,6951785	0,7940153	0,6509370	0,7780391	0,0022361	0,0006706	0,2144822	0,3707328	0,0588710	0,1412026	0,7178810	0,7421389	0,9176585	0,3768171	0,0963752	0,3208217	0,3762574	0,0007803	0,5602180	0,3500841	0,3752884	0,0187815	0,5169971	0,7210069	1,0219236	0,3084124	0,7922776	0,1889133	0,9479814	0,2119941	0,1886153	0,5730031	0,1625851	0,9942990	0,3498703	0,5930716	0,9222998	0,2018626	0,6952562	0,3581216	0,9268428	0,2048039	0,2445463	0,5269075	0,6473896	0,9456892	0,4375329	0,8668685	0,7496012	0,4633535
960	0,6328232	0,6198016	0,5295636	0,4480081	0,8205120	0,5963191	0,5186215	0,6788480	0,5857335	0,3389543	0,1662259	0,5591863	0,6431968	0,2873837	0,7297238	0,7891213	0,6763047	0,7839372	0,0067878	0,0015878	0,2132173	0,3400913	0,0402110	0,1627226	0,7579200	0,7630593	1,0061276	0,3926891	0,1144889	0,3217272	0,3591024	0,0005371	0,5633626	0,3840106	0,4111995	0,0218758	0,5007967	0,7045573	0,9937520	0,2879144	0,7590161	0,2187743	0,9209700	0,2112259	0,1832218	0,5979594	0,1572790	1,0000056	0,3616048	0,5937338	0,8580474	0,2281336	0,7390106	0,3627236	0,9645145	0,1847658	0,2391635	0,4728979	0,6420645	1,0010179	0,4021727	0,8669745	0,7191303	0,3650988
980	0,5947236	0,6098695	0,5335648	0,4872588	0,8354584	0,5378024	0,4957664	0,6887859	0,5572948	0,3256642	0,2084966	0,5281704	0,6261968	0,2761719	0,7298563	0,8473849	0,6735694	0,7426292	0,0048241	0,0008508	0,1951288	0,3103628	0,0497980	0,1253310	0,7733224	0,7348542	0,9049107	0,4132127	0,1204018	0,3196863	0,3678953	0,0001181	0,5720602	0,4170631	0,3951513	0,0337427	0,5060912	0,6964482	0,9720744	0,2750647	0,7256671	0,2349026	0,9742228	0,2467203	0,1923130	0,6145808	0,1848498	1,0189399	0,3917005	0,5727425	0,8550754	0,2071443	0,7587268	0,2975684	0,8882495	0,1828463	0,2375705	0,5159094	0,6280082	1,0306563	0,4327436	0,8342411	0,8060545	0,3517192
1000	0,6263012	0,5936928	0,5189784	0,4021529	0,8145266	0,5679315	0,4822678	0,7797196	0,5820175	0,3335308	0,1978516	0,5428477	0,6285738	0,2562766	0,7792874	0,8019898	0,5943685	0,7315058	0,0081749	0,0025117	0,1985382	0,3258574	0,0541758	0,1391351	0,7625631	0,7727861	0,8658404	0,4259814	0,1054259	0,3021725	0,3635181	0,0030384	0,5678894	0,3880951	0,4043924	0,0349379	0,5742525	0,6993217	0,9219632	0,2527442	0,7975988	0,2245507	0,9638524	0,2334191	0,1850975	0,5524087	0,1605596	1,0564355	0,3970821	0,6259289	0,8786962	0,1911797	0,7654846	0,3264075	0,8685092	0,2326425	0,2580772	0,5270924	0,6465341	0,9727937	0,4348396	0,8284663	0,7513469	0,3768613
1020	0,6150760	0,5791787	0,5807513	0,4294433	0,8206026	0,5586453	0,4756554	0,8461582	0,5969312	0,2998086	0,1897811	0,5813127	0,6371646	0,2580474	0,7400347	0,8024918	0,6015385	0,8013674	0,0078660	0,0028888	0,1936926	0,3414701	0,0555436	0,1336748	0,7964317	0,7514970	0,9248976	0,4217348	0,1072460	0,2519768	0,4178719	0,0043627	0,5963663	0,3903475	0,4704175	0,0379357	0,5329040	0,7666593	0,9055528	0,2601211	0,8233093	0,2240818	0,9697517	0,2413614	0,1815958	0,5740578	0,1378279	1,0642232	0,4130196	0,5998889	0,8773683	0,1822947	0,7536473	0,3628597	0,9232462	0,2422687	0,3064944	0,5215525	0,6133658	0,9680031	0,4825899	0,9086464	0,6328256	0,4052286
1040	0,6808715	0,6503636	0,5872018	0,4032650	0,8440763	0,5304205	0,4700062	0,8316074	0,5366472	0,3336146	0,1946250	0,5768202	0,6311754	0,2491782	0,7667049	0,7846947	0,5832371	0,7534644	0,0102454	0,0017581	0,1673917	0,3163358	0,0563643	0,1489973	0,8085851	0,7666544	0,9347252	0,3814945	0,0911187	0,2701380	0,3757246	0,0003594	0,5837061	0,3943136	0,4145209	0,0329761	0,5423643	0,7791034	0,9769433	0,2859646	0,7513242	0,2064181	0,9612993	0,2489054	0,1618724	0,5722246	0,1233149	1,0335740	0,3946677	0,5908445	0,8993196	0,1744155	0,7714636	0,4405441	0,9389478	0,2539967	0,3175848	0,5495631	0,6435223	0,9829752	0,4518022	0,8979934	0,7368381	0,3659966
1060	0,7074848	0,6543490	0,5716297	0,4022385	0,8654638	0,5610697	0,4460597	0,7964503	0,5567974	0,2958019	0,2094960	0,5712985	0,6750485	0,2590189	0,7213630	0,7292666	0,5783554	0,7809528	0,0117841	0,0049076	0,1591214	0,3109987	0,0618788	0,1634727	0,7606061	0,7637437	1,0198790	0,3749432	0,0846203	0,2117182	0,4058223	0,0010133	0,5540987	0,3771324	0,4284043	0,0310212	0,5044501	0,7410595	0,9825350	0,2292462	0,7049397	0,1704575	0,9231155	0,2380085	0,1594809	0,5795560	0,1471493	1,0622351	0,3809179	0,6206941	0,9214767	0,1717330	0,7512277	0,4542874	0,9181959	0,3071059	0,3138470	0,5669960	0,6399310	1,0609566	0,4592903	0,8499197	0,6589114	0,3976595
1080	0,6462607	0,6283373	0,5991970	0,3897767	0,7966662	0,5944306	0,4009150	0,8187475	0,5872067	0,2922191	0,2473813	0,6164907	0,6677482	0,2822567	0,6829505	0,7540692	0,5054293	0,7967738	0,0105459	0,0051224	0,1386619	0,3085626	0,0632626	0,1692073	0,8079673	0,7429811	1,0274681	0,3448187	0,0789295	0,2004337	0,3983914	0,0000000	0,5676761	0,3576717	0,4024731	0,0292303	0,4487010	0,6671952	0,9645461	0,2055107	0,6751066	0,1508931	0,8951389	0,2152805	0,1536643	0,5584441	0,1232380	1,0953682	0,3565990	0,5582043	0,9701802	0,1656456	0,7637287	0,4298867	0,9272619	0,2681902	0,2931614	0,6286235	0,6068283	0,9976046	0,4637605	0,8166241	0,6085624	0,3312360
1100	0,5967636	0,6231183	0,5437354	0,3999871	0,8060329	0,6737025	0,4461778	0,7706533	0,5560108	0,3186597	0,2662722	0,5513211	0,5699521	0,3158556	0,7359452	0,7695219	0,5555425	0,7877022	0,0058676	0,0037684	0,1392382	0,3107237	0,0655789	0,1778851	0,8481489	0,7384036	0,9889198	0,3295256	0,1062079	0,2129935	0,4301140	0,0031092	0,5824431	0,4034709	0,3973805	0,0379641	0,4640464	0,6315191	0,9617098	0,2246989	0,6878463	0,1477024	0,9173453	0,2014260	0,1946031	0,5555125	0,1224371	1,0319752	0,3774579	0,5843710	0,9864127	0,1884830	0,7760770	0,4517557	0,9577096	0,2731614	0,2627461	0,6112601	0,5474081	1,0245905	0,4555217	0,8457410	0,5826001	0,3914539
